1             -1            0
1             1             0
2             -2            0.00687849
2             0             0
2             2             -0.218121291
3             -3            0.055260866
3             -1            -0.015870839
3             1             0.006022734
3             3             -0.004719917
4             -4            -0.003682988
4             -2            0.020081632
4             0             0
4             2             0.009731887
4             4             0.010578536
5             -5            -0.001072768
5             -3            -0.020796548
5             -1            0
5             1             0
5             3             -0.001025718
5             5             0.000935947
