0.000000e+000 3.300000e-006 3.300000e-006 3.300000e-006 3.300000e-006
1.711100e-010 3.329700e-006 3.329700e-006 3.329600e-006 3.329700e-006
1.882200e-009 2.903600e-006 2.904300e-006 2.905100e-006 2.904400e-006
5.000000e-009 2.062600e-003 2.058200e-003 2.052900e-003 2.057400e-003
6.558900e-009 3.521600e-003 3.441500e-003 3.371800e-003 3.428900e-003
9.236800e-009 5.055500e-002 4.911900e-002 4.751500e-002 4.886000e-002
1.175900e-008 2.325400e-001 2.287600e-001 2.242400e-001 2.280600e-001
1.385600e-008 4.674300e-001 4.624800e-001 4.563600e-001 4.615300e-001
1.641600e-008 7.115200e-001 7.062800e-001 6.997800e-001 7.052800e-001
1.953100e-008 9.214800e-001 9.163100e-001 9.098900e-001 9.153200e-001
2.332600e-008 1.098600e+000 1.093700e+000 1.087600e+000 1.092700e+000
2.773100e-008 1.240000e+000 1.235400e+000 1.229800e+000 1.234600e+000
3.277200e-008 1.355000e+000 1.350900e+000 1.345800e+000 1.350100e+000
3.906700e-008 1.450900e+000 1.447300e+000 1.442900e+000 1.446700e+000
4.721600e-008 1.533900e+000 1.530900e+000 1.527100e+000 1.530300e+000
5.800200e-008 1.622800e+000 1.620200e+000 1.616900e+000 1.619700e+000
7.303800e-008 1.723800e+000 1.721700e+000 1.719000e+000 1.721300e+000
9.653900e-008 1.804300e+000 1.802800e+000 1.800900e+000 1.802500e+000
1.422900e-007 1.837500e+000 1.836600e+000 1.835500e+000 1.836500e+000
1.651700e-007 1.834200e+000 1.833500e+000 1.832700e+000 1.833400e+000
3.939200e-007 1.832100e+000 1.832200e+000 1.832300e+000 1.832200e+000
1.175300e-006 1.833300e+000 1.833200e+000 1.833100e+000 1.833200e+000
3.776000e-006 1.832200e+000 1.832300e+000 1.832300e+000 1.832300e+000
1.268800e-005 1.833300e+000 1.833200e+000 1.833100e+000 1.833200e+000
4.243500e-005 1.832300e+000 1.832300e+000 1.832300e+000 1.832300e+000
1.467300e-004 1.833300e+000 1.833200e+000 1.833100e+000 1.833200e+000
3.467300e-004 1.832200e+000 1.832300e+000 1.832300e+000 1.832300e+000
5.467300e-004 1.833300e+000 1.833200e+000 1.833100e+000 1.833200e+000
7.467300e-004 1.832300e+000 1.832300e+000 1.832300e+000 1.832300e+000
9.467300e-004 1.833300e+000 1.833200e+000 1.833100e+000 1.833200e+000
1.000000e-003 1.832300e+000 1.832300e+000 1.832300e+000 1.832300e+000
1.000000e-003 1.832300e+000 1.832300e+000 1.832400e+000 1.832300e+000
1.000000e-003 1.832600e+000 1.832600e+000 1.832600e+000 1.832600e+000
1.000000e-003 1.832600e+000 1.832700e+000 1.832700e+000 1.832700e+000
1.000000e-003 1.832800e+000 1.832800e+000 1.832800e+000 1.832800e+000
1.000000e-003 1.832800e+000 1.832800e+000 1.832800e+000 1.832800e+000
1.000100e-003 1.832500e+000 1.832400e+000 1.832100e+000 1.832400e+000
1.000700e-003 1.829000e+000 1.826700e+000 1.820700e+000 1.826100e+000
1.002900e-003 1.809600e+000 1.787900e+000 1.728900e+000 1.781700e+000
1.007200e-003 1.753700e+000 1.676300e+000 1.496200e+000 1.655500e+000
1.012900e-003 1.654400e+000 1.500700e+000 1.168500e+000 1.461300e+000
1.019000e-003 1.543400e+000 1.312900e+000 8.273900e-001 1.254700e+000
1.025200e-003 1.421800e+000 1.114700e+000 4.826700e-001 1.037200e+000
1.031300e-003 1.307500e+000 9.303600e-001 1.792700e-001 8.354000e-001
1.036700e-003 1.203500e+000 7.620300e-001 7.561700e-003 6.532100e-001
1.041700e-003 1.112400e+000 6.137500e-001 -2.650000e-002 4.920600e-001
1.046600e-003 1.016200e+000 4.660400e-001 -2.633600e-002 3.346100e-001
1.051400e-003 9.295300e-001 3.293200e-001 -2.573200e-002 1.930900e-001
1.053800e-003 8.795100e-001 2.599300e-001 -2.762300e-002 1.242000e-001
1.055000e-003 8.609500e-001 2.298500e-001 -2.502500e-002 9.675300e-002
1.058100e-003 8.005600e-001 1.487000e-001 -2.523300e-002 3.122600e-002
1.063000e-003 7.126100e-001 5.011900e-002 -1.752500e-002 -1.059300e-002
1.069200e-003 5.980100e-001 -7.920100e-003 -1.106300e-002 -1.220800e-002
1.076200e-003 4.722300e-001 -8.124900e-003 -7.514600e-003 -7.320500e-003
1.083700e-003 3.413200e-001 -8.392000e-003 -8.481600e-003 -8.588900e-003
1.086300e-003 2.969500e-001 -7.826900e-003 -7.814400e-003 -7.853300e-003
1.087600e-003 2.759600e-001 -7.514000e-003 -7.486500e-003 -7.506600e-003
1.090900e-003 2.205300e-001 -7.446100e-003 -7.407600e-003 -7.410500e-003
1.096600e-003 1.343400e-001 -6.282800e-003 -6.275800e-003 -6.275400e-003
1.099500e-003 9.337100e-002 -6.186000e-003 -6.188800e-003 -6.188800e-003
1.105800e-003 2.991600e-002 -3.255000e-003 -3.252800e-003 -3.252800e-003
1.109000e-003 1.005700e-002 -2.490300e-003 -2.491200e-003 -2.491300e-003
1.115700e-003 1.407500e-004 3.871600e-004 3.878300e-004 3.878300e-004
1.125400e-003 -1.821000e-004 -2.709600e-004 -2.715100e-004 -2.715100e-004
1.137300e-003 1.262500e-004 2.150900e-004 2.155400e-004 2.155400e-004
1.150300e-003 -1.619300e-004 -1.675300e-004 -1.679000e-004 -1.679000e-004
1.154100e-003 8.197500e-005 9.000800e-005 9.020200e-005 9.020100e-005
1.166300e-003 -6.408800e-005 -6.737000e-005 -6.752700e-005 -6.752600e-005
1.172300e-003 5.049200e-005 4.985000e-005 4.995500e-005 4.995200e-005
1.222400e-003 -4.218400e-005 -4.146800e-005 -4.156800e-005 -4.156500e-005
1.247400e-003 4.447200e-005 4.360900e-005 4.370000e-005 4.369700e-005
1.447400e-003 -3.781000e-005 -3.692800e-005 -3.701800e-005 -3.701500e-005
1.547400e-003 4.312400e-005 4.219000e-005 4.227800e-005 4.227500e-005
1.747400e-003 -3.649000e-005 -3.552100e-005 -3.560800e-005 -3.560500e-005
1.947400e-003 4.228600e-005 4.127500e-005 4.136100e-005 4.135800e-005
2.147400e-003 -3.566800e-005 -3.461100e-005 -3.469600e-005 -3.469300e-005
2.347400e-003 4.148500e-005 4.038200e-005 4.046700e-005 4.046400e-005
2.547400e-003 -3.487500e-005 -3.372500e-005 -3.380800e-005 -3.380500e-005
2.747400e-003 4.071300e-005 3.951300e-005 3.959500e-005 3.959200e-005
2.947400e-003 -3.411600e-005 -3.286000e-005 -3.294200e-005 -3.293900e-005
3.147400e-003 3.998100e-005 3.866600e-005 3.874600e-005 3.874300e-005
3.347400e-003 -3.340700e-005 -3.201900e-005 -3.209800e-005 -3.209500e-005
3.547400e-003 3.931100e-005 3.784100e-005 3.791900e-005 3.791600e-005
3.747400e-003 -3.279100e-005 -3.120000e-005 -3.127800e-005 -3.127500e-005
3.947400e-003 3.876700e-005 3.703900e-005 3.711500e-005 3.711200e-005
4.147400e-003 -3.223000e-005 -3.040400e-005 -3.048000e-005 -3.047700e-005
4.247400e-003 3.786600e-005 3.587600e-005 3.595000e-005 3.594700e-005
4.447400e-003 -3.134600e-005 -2.925400e-005 -2.932700e-005 -2.932400e-005
4.547400e-003 3.710700e-005 3.476100e-005 3.483300e-005 3.483000e-005
4.747400e-003 -3.060200e-005 -2.815200e-005 -2.822300e-005 -2.822000e-005
4.847400e-003 3.629200e-005 3.369400e-005 3.376400e-005 3.376000e-005
5.047400e-003 -2.979200e-005 -2.709700e-005 -2.716500e-005 -2.716200e-005
5.147400e-003 3.562000e-005 3.267200e-005 3.273900e-005 3.273600e-005
5.160300e-003 -2.569000e-005 -2.175000e-005 -2.180600e-005 -2.180300e-005
5.213700e-003 3.089800e-005 2.701700e-005 2.707100e-005 2.706800e-005
5.240400e-003 -2.259900e-005 -1.890900e-005 -1.896000e-005 -1.895600e-005
5.376100e-003 2.841800e-005 2.481700e-005 2.486700e-005 2.486300e-005
5.443900e-003 -2.122600e-005 -1.788100e-005 -1.792900e-005 -1.792500e-005
5.643900e-003 2.716000e-005 2.391200e-005 2.395900e-005 2.395500e-005
5.843900e-003 -2.056900e-005 -1.742700e-005 -1.747400e-005 -1.747000e-005
6.043900e-003 2.650500e-005 2.346600e-005 2.351200e-005 2.350800e-005
6.243900e-003 -1.992200e-005 -1.698100e-005 -1.702700e-005 -1.702300e-005
6.443900e-003 2.587400e-005 2.302700e-005 2.307200e-005 2.306900e-005
6.643900e-003 -1.929800e-005 -1.654200e-005 -1.658700e-005 -1.658300e-005
6.843900e-003 2.526300e-005 2.259500e-005 2.264000e-005 2.263600e-005
7.043900e-003 -1.869400e-005 -1.611100e-005 -1.615500e-005 -1.615100e-005
7.243900e-003 2.467400e-005 2.217100e-005 2.221500e-005 2.221100e-005
7.443900e-003 -1.811100e-005 -1.568700e-005 -1.573000e-005 -1.572600e-005
7.643900e-003 2.410300e-005 2.175500e-005 2.179700e-005 2.179400e-005
7.843900e-003 -1.754600e-005 -1.527000e-005 -1.531300e-005 -1.530900e-005
8.043900e-003 2.355100e-005 2.134500e-005 2.138700e-005 2.138300e-005
8.243900e-003 -1.699900e-005 -1.486200e-005 -1.490300e-005 -1.489900e-005
8.443900e-003 2.301600e-005 2.094300e-005 2.098500e-005 2.098100e-005
8.643900e-003 -1.647000e-005 -1.446000e-005 -1.450100e-005 -1.449700e-005
8.843900e-003 2.249700e-005 2.054900e-005 2.058900e-005 2.058500e-005
9.043900e-003 -1.595700e-005 -1.406700e-005 -1.410700e-005 -1.410300e-005
9.243900e-003 2.199500e-005 2.016200e-005 2.020100e-005 2.019700e-005
9.443900e-003 -1.545900e-005 -1.368000e-005 -1.372000e-005 -1.371600e-005
9.643900e-003 2.150800e-005 1.978200e-005 1.982100e-005 1.981700e-005
9.843900e-003 -1.497700e-005 -1.330200e-005 -1.334000e-005 -1.333600e-005
1.000000e-002 2.097000e-005 1.935700e-005 1.939500e-005 1.939100e-005
1.000000e-002 2.115100e-005 1.954000e-005 1.957600e-005 1.957700e-005
1.000000e-002 2.124600e-005 1.963100e-005 1.967700e-005 1.967800e-005
1.000000e-002 1.027300e-002 9.598300e-003 9.059100e-003 9.515300e-003
1.000000e-002 7.545900e-002 7.265100e-002 6.999600e-002 7.229200e-002
1.000000e-002 1.239600e-001 1.197600e-001 1.157300e-001 1.192200e-001
1.000000e-002 2.342100e-001 2.281600e-001 2.221800e-001 2.274000e-001
1.000000e-002 3.888200e-001 3.817700e-001 3.745900e-001 3.808800e-001
1.000000e-002 5.876100e-001 5.803000e-001 5.727700e-001 5.793900e-001
1.000000e-002 7.958200e-001 7.886200e-001 7.812200e-001 7.877600e-001
1.000000e-002 9.916800e-001 9.848700e-001 9.779000e-001 9.840900e-001
1.000000e-002 1.152800e+000 1.146600e+000 1.140300e+000 1.145900e+000
1.000000e-002 1.283600e+000 1.278000e+000 1.272400e+000 1.277500e+000
1.000000e-002 1.392000e+000 1.387100e+000 1.382200e+000 1.386600e+000
1.000000e-002 1.482400e+000 1.478200e+000 1.474000e+000 1.477800e+000
1.000000e-002 1.563500e+000 1.559900e+000 1.556500e+000 1.559700e+000
1.000000e-002 1.658000e+000 1.655000e+000 1.652300e+000 1.654900e+000
1.000000e-002 1.755900e+000 1.753600e+000 1.751600e+000 1.753600e+000
1.000000e-002 1.822600e+000 1.821000e+000 1.819700e+000 1.821100e+000
1.000000e-002 1.836400e+000 1.835700e+000 1.835200e+000 1.835800e+000
1.000000e-002 1.833400e+000 1.832900e+000 1.832600e+000 1.833000e+000
1.000100e-002 1.832500e+000 1.832500e+000 1.832700e+000 1.832700e+000
1.000400e-002 1.833100e+000 1.832800e+000 1.832800e+000 1.833000e+000
1.001700e-002 1.832500e+000 1.832600e+000 1.832700e+000 1.832700e+000
1.006300e-002 1.833100e+000 1.832800e+000 1.832800e+000 1.833000e+000
1.022400e-002 1.832500e+000 1.832600e+000 1.832700e+000 1.832700e+000
1.042400e-002 1.833100e+000 1.832800e+000 1.832800e+000 1.833000e+000
1.062400e-002 1.832500e+000 1.832600e+000 1.832700e+000 1.832700e+000
1.082400e-002 1.833100e+000 1.832800e+000 1.832800e+000 1.833000e+000
1.100000e-002 1.832500e+000 1.832600e+000 1.832700e+000 1.832700e+000
1.100000e-002 1.832600e+000 1.832600e+000 1.832800e+000 1.832700e+000
1.100000e-002 1.832800e+000 1.832800e+000 1.833000e+000 1.832900e+000
1.100000e-002 1.832800e+000 1.832800e+000 1.833000e+000 1.833000e+000
1.100000e-002 1.832900e+000 1.832800e+000 1.833000e+000 1.833000e+000
1.100000e-002 1.832800e+000 1.832800e+000 1.833000e+000 1.833000e+000
1.100000e-002 1.832500e+000 1.832000e+000 1.832400e+000 1.832600e+000
1.100100e-002 1.827900e+000 1.819100e+000 1.826500e+000 1.830100e+000
1.100300e-002 1.800500e+000 1.719700e+000 1.788200e+000 1.818200e+000
1.100600e-002 1.722800e+000 1.479600e+000 1.681400e+000 1.787300e+000
1.101100e-002 1.595000e+000 1.148800e+000 1.515200e+000 1.729200e+000
1.101700e-002 1.457200e+000 8.080800e-001 1.339200e+000 1.661700e+000
1.102200e-002 1.309400e+000 4.643700e-001 1.152600e+000 1.584900e+000
1.102700e-002 1.172000e+000 1.653600e-001 9.801100e-001 1.512700e+000
1.103200e-002 1.045600e+000 7.031000e-003 8.222200e-001 1.444300e+000
1.103600e-002 9.348700e-001 -2.051300e-002 6.829600e-001 1.385100e+000
1.104000e-002 8.185600e-001 -2.002300e-002 5.428500e-001 1.321900e+000
1.104400e-002 7.122300e-001 -1.920500e-002 4.118400e-001 1.264700e+000
1.104600e-002 6.551700e-001 -2.115300e-002 3.449500e-001 1.231700e+000
1.104800e-002 6.302900e-001 -1.959300e-002 3.148900e-001 1.219400e+000
1.105000e-002 5.546200e-001 -2.117000e-002 2.280600e-001 1.175600e+000
1.105500e-002 4.363800e-001 -1.944000e-002 1.032000e-001 1.110800e+000
1.106100e-002 2.865900e-001 -1.804300e-002 1.235100e-003 1.020600e+000
1.106800e-002 1.324200e-001 -1.269500e-002 -1.623400e-002 9.258700e-001
1.107500e-002 1.818200e-002 -1.149200e-002 -1.052200e-002 8.170700e-001
1.108300e-002 -1.026700e-002 -6.103500e-003 -6.465500e-003 7.115200e-001
1.108500e-002 -8.137000e-003 -6.530900e-003 -6.685100e-003 6.839000e-001
1.108900e-002 -6.151600e-003 -6.127000e-003 -6.127500e-003 6.257600e-001
1.109100e-002 -6.658900e-003 -6.616100e-003 -6.614000e-003 5.953300e-001
1.109600e-002 -6.160400e-003 -6.112800e-003 -6.113700e-003 5.323700e-001
1.110300e-002 -6.129200e-003 -6.090200e-003 -6.089600e-003 4.393700e-001
1.111100e-002 -5.664300e-003 -5.657500e-003 -5.658000e-003 3.277000e-001
1.111500e-002 -5.279200e-003 -5.281500e-003 -5.281200e-003 2.749500e-001
1.111800e-002 -5.582700e-003 -5.582200e-003 -5.582300e-003 2.473300e-001
1.112400e-002 -4.657600e-003 -4.657800e-003 -4.657700e-003 1.730500e-001
1.113500e-002 -4.185400e-003 -4.185300e-003 -4.185300e-003 5.827100e-002
1.114900e-002 5.101800e-004 5.100700e-004 5.101100e-004 4.877800e-003
1.116500e-002 -7.378700e-004 -7.377800e-004 -7.378100e-004 -2.985700e-003
1.118200e-002 8.021300e-004 8.020600e-004 8.020900e-004 2.113400e-003
1.120100e-002 -7.873200e-004 -7.872600e-004 -7.872900e-004 -1.620700e-003
1.120700e-002 6.587000e-004 6.586700e-004 6.586900e-004 8.309300e-004
1.121100e-002 -3.374500e-004 -3.374400e-004 -3.374500e-004 -3.127300e-004
1.123200e-002 3.071200e-004 3.071100e-004 3.071200e-004 2.903000e-004
1.124300e-002 -2.402500e-004 -2.402500e-004 -2.402500e-004 -2.323000e-004
1.132400e-002 2.390800e-004 2.390800e-004 2.390800e-004 2.317300e-004
1.136400e-002 -2.194600e-004 -2.194600e-004 -2.194600e-004 -2.128500e-004
1.137600e-002 1.851900e-004 1.851900e-004 1.851900e-004 1.806100e-004
1.144000e-002 -1.725200e-004 -1.725200e-004 -1.725200e-004 -1.685300e-004
1.164000e-002 1.764200e-004 1.764200e-004 1.764200e-004 1.726900e-004
1.184000e-002 -1.683800e-004 -1.683800e-004 -1.683800e-004 -1.649100e-004
1.204000e-002 1.723400e-004 1.723400e-004 1.723400e-004 1.691200e-004
1.224000e-002 -1.643400e-004 -1.643400e-004 -1.643500e-004 -1.613700e-004
1.244000e-002 1.683600e-004 1.683600e-004 1.683700e-004 1.656300e-004
1.264000e-002 -1.604100e-004 -1.604100e-004 -1.604100e-004 -1.579200e-004
1.284000e-002 1.644900e-004 1.644900e-004 1.644900e-004 1.622500e-004
1.304000e-002 -1.565700e-004 -1.565800e-004 -1.565800e-004 -1.546200e-004
1.324000e-002 1.607100e-004 1.607100e-004 1.607100e-004 1.590500e-004
1.344000e-002 -1.528400e-004 -1.528400e-004 -1.528400e-004 -1.514900e-004
1.364000e-002 1.570300e-004 1.570300e-004 1.570300e-004 1.561000e-004
1.365300e-002 -1.258800e-004 -1.258800e-004 -1.258800e-004 -1.297100e-004
1.369500e-002 1.249600e-004 1.249600e-004 1.249600e-004 1.293100e-004
1.371500e-002 -1.062000e-004 -1.062000e-004 -1.062000e-004 -1.109300e-004
1.379800e-002 1.092500e-004 1.092500e-004 1.092500e-004 1.138900e-004
1.383900e-002 -9.751000e-005 -9.751400e-005 -9.751400e-005 -1.019300e-004
1.403900e-002 1.024000e-004 1.024000e-004 1.024000e-004 1.067400e-004
1.413900e-002 -9.412100e-005 -9.412500e-005 -9.412500e-005 -9.826500e-005
1.433900e-002 9.904900e-005 9.905300e-005 9.905300e-005 1.030900e-004
1.453900e-002 -9.192200e-005 -9.192600e-005 -9.192500e-005 -9.585000e-005
1.473900e-002 9.688000e-005 9.688400e-005 9.688300e-005 1.007000e-004
1.493900e-002 -8.977000e-005 -8.977400e-005 -8.977300e-005 -9.349000e-005
1.513900e-002 9.475700e-005 9.476200e-005 9.476100e-005 9.837900e-005
1.533900e-002 -8.766500e-005 -8.766900e-005 -8.766800e-005 -9.119100e-005
1.553900e-002 9.268100e-005 9.268500e-005 9.268500e-005 9.611600e-005
1.573900e-002 -8.560500e-005 -8.561000e-005 -8.560900e-005 -8.895200e-005
1.593900e-002 9.065000e-005 9.065400e-005 9.065300e-005 9.391100e-005
1.613900e-002 -8.359100e-005 -8.359500e-005 -8.359500e-005 -8.677000e-005
1.633900e-002 8.866300e-005 8.866700e-005 8.866700e-005 9.176100e-005
1.653900e-002 -8.162100e-005 -8.162500e-005 -8.162400e-005 -8.464200e-005
1.673900e-002 8.672000e-005 8.672400e-005 8.672300e-005 8.966500e-005
1.693900e-002 -7.969400e-005 -7.969900e-005 -7.969800e-005 -8.256700e-005
1.713900e-002 8.481900e-005 8.482300e-005 8.482200e-005 8.762100e-005
1.733900e-002 -7.780900e-005 -7.781400e-005 -7.781300e-005 -8.054300e-005
1.753900e-002 8.296000e-005 8.296500e-005 8.296400e-005 8.562700e-005
1.773900e-002 -7.596600e-005 -7.597100e-005 -7.597000e-005 -7.856900e-005
1.793900e-002 8.114200e-005 8.114700e-005 8.114500e-005 8.368100e-005
1.813900e-002 -7.416400e-005 -7.416900e-005 -7.416800e-005 -7.664200e-005
1.833900e-002 7.936400e-005 7.936900e-005 7.936800e-005 8.178200e-005
1.853900e-002 -7.240200e-005 -7.240700e-005 -7.240600e-005 -7.476200e-005
1.873900e-002 7.762500e-005 7.763000e-005 7.762900e-005 7.992800e-005
1.893900e-002 -7.067900e-005 -7.068400e-005 -7.068200e-005 -7.292600e-005
1.913900e-002 7.592500e-005 7.593000e-005 7.592900e-005 7.811900e-005
1.933900e-002 -6.899400e-005 -6.899900e-005 -6.899700e-005 -7.113500e-005
1.953900e-002 7.426200e-005 7.426800e-005 7.426600e-005 7.635200e-005
1.973900e-002 -6.734600e-005 -6.735100e-005 -6.735000e-005 -6.938600e-005
1.993900e-002 7.263700e-005 7.264200e-005 7.264100e-005 7.462700e-005
2.000000e-002 -6.393300e-005 -6.393800e-005 -6.393700e-005 -6.576900e-005
2.000000e-002 -6.405300e-005 -6.405000e-005 -6.405300e-005 -6.588400e-005
2.000000e-002 -6.418500e-005 -6.417400e-005 -6.418500e-005 -6.602200e-005
2.000000e-002 -6.472500e-005 -6.469700e-005 -6.472300e-005 -6.657400e-005
2.000000e-002 2.288700e-003 2.278500e-003 2.285900e-003 2.294000e-003
2.000000e-002 2.643900e-003 2.630400e-003 2.640100e-003 2.652200e-003
2.000000e-002 2.911700e-003 2.882400e-003 2.902700e-003 2.935900e-003
2.000000e-002 2.922900e-003 2.891800e-003 2.913400e-003 2.949100e-003
2.000000e-002 3.129200e-003 3.081900e-003 3.114500e-003 3.171400e-003
2.000000e-002 2.627000e-002 2.476000e-002 2.584900e-002 2.733800e-002
2.000000e-002 1.457900e-001 1.388900e-001 1.439100e-001 1.502800e-001
2.000000e-002 3.449400e-001 3.337600e-001 3.419300e-001 3.520100e-001
2.000000e-002 5.628600e-001 5.508500e-001 5.596500e-001 5.703300e-001
2.000000e-002 7.799800e-001 7.682500e-001 7.768500e-001 7.872300e-001
2.000000e-002 9.766800e-001 9.656200e-001 9.737200e-001 9.834900e-001
2.000000e-002 1.140200e+000 1.130200e+000 1.137500e+000 1.146300e+000
2.000000e-002 1.272400e+000 1.263500e+000 1.270000e+000 1.277800e+000
2.000000e-002 1.382100e+000 1.374400e+000 1.380000e+000 1.386800e+000
2.000000e-002 1.473400e+000 1.466900e+000 1.471700e+000 1.477400e+000
2.000000e-002 1.554900e+000 1.549500e+000 1.553400e+000 1.558100e+000
2.000000e-002 1.648200e+000 1.643900e+000 1.647000e+000 1.650900e+000
2.000000e-002 1.747800e+000 1.744500e+000 1.746800e+000 1.749600e+000
2.000000e-002 1.817900e+000 1.815700e+000 1.817300e+000 1.819100e+000
2.000000e-002 1.836500e+000 1.835600e+000 1.836200e+000 1.836900e+000
2.000000e-002 1.833200e+000 1.832600e+000 1.833000e+000 1.833500e+000
2.000000e-002 1.832500e+000 1.832700e+000 1.832500e+000 1.832300e+000
2.000300e-002 1.833100e+000 1.832900e+000 1.833000e+000 1.833100e+000
2.002600e-002 1.832500e+000 1.832700e+000 1.832500e+000 1.832300e+000
2.010900e-002 1.833100e+000 1.832900e+000 1.833000e+000 1.833100e+000
2.030900e-002 1.832500e+000 1.832700e+000 1.832500e+000 1.832300e+000
2.050900e-002 1.833100e+000 1.832900e+000 1.833000e+000 1.833100e+000
2.070900e-002 1.832500e+000 1.832700e+000 1.832500e+000 1.832300e+000
2.090900e-002 1.833100e+000 1.832900e+000 1.833000e+000 1.833100e+000
2.100000e-002 1.832500e+000 1.832700e+000 1.832500e+000 1.832300e+000
2.100000e-002 1.832500e+000 1.832700e+000 1.832600e+000 1.832400e+000
2.100000e-002 1.832800e+000 1.833000e+000 1.832800e+000 1.832600e+000
2.100000e-002 1.832800e+000 1.833000e+000 1.832900e+000 1.832700e+000
2.100000e-002 1.832900e+000 1.833000e+000 1.832900e+000 1.832700e+000
2.100000e-002 1.832900e+000 1.833000e+000 1.832900e+000 1.832700e+000
2.100000e-002 1.832400e+000 1.832600e+000 1.832400e+000 1.832000e+000
2.100100e-002 1.827200e+000 1.829300e+000 1.825900e+000 1.820300e+000
2.100300e-002 1.793000e+000 1.812100e+000 1.780500e+000 1.726500e+000
2.100700e-002 1.694300e+000 1.762800e+000 1.652800e+000 1.492200e+000
2.101300e-002 1.536400e+000 1.674100e+000 1.457400e+000 1.163700e+000
2.101800e-002 1.367000e+000 1.574100e+000 1.250300e+000 8.227700e-001
2.102400e-002 1.187100e+000 1.464600e+000 1.031900e+000 4.776600e-001
2.103000e-002 1.019300e+000 1.361700e+000 8.294900e-001 1.734300e-001
2.103600e-002 8.655500e-001 1.266600e+000 6.473100e-001 3.471000e-004
2.104000e-002 7.312900e-001 1.183000e+000 4.861700e-001 -3.149100e-002
2.104500e-002 5.948700e-001 1.094800e+000 3.288000e-001 -2.771800e-002
2.105000e-002 4.675200e-001 1.015200e+000 1.873800e-001 -2.608700e-002
2.105200e-002 4.017400e-001 9.694000e-001 1.189800e-001 -2.741600e-002
2.105300e-002 3.725300e-001 9.526500e-001 9.167100e-002 -2.482200e-002
2.105600e-002 2.923200e-001 8.963400e-001 2.771600e-002 -2.485300e-002
2.106100e-002 1.777700e-001 8.167300e-001 -1.235100e-002 -1.803800e-002
2.106700e-002 5.182400e-002 7.100600e-001 -1.626700e-002 -1.527100e-002
2.107400e-002 -4.215500e-003 5.950400e-001 -8.701300e-003 -8.863800e-003
2.108100e-002 -8.679400e-003 4.719200e-001 -7.706100e-003 -7.604400e-003
2.108300e-002 -7.824000e-003 4.422500e-001 -7.405200e-003 -7.354700e-003
2.108700e-002 -7.249600e-003 3.751200e-001 -7.189600e-003 -7.189100e-003
2.108900e-002 -7.236000e-003 3.415000e-001 -7.183100e-003 -7.182700e-003
2.109300e-002 -6.673700e-003 2.723000e-001 -6.628500e-003 -6.628600e-003
2.110000e-002 -6.388900e-003 1.736100e-001 -6.363500e-003 -6.363500e-003
2.110300e-002 -5.376500e-003 1.303300e-001 -5.368500e-003 -5.368500e-003
2.110400e-002 -5.760700e-003 1.075500e-001 -5.758500e-003 -5.758500e-003
2.110900e-002 -3.988800e-003 5.280600e-002 -3.988800e-003 -3.988800e-003
2.111800e-002 -1.345100e-003 2.369300e-003 -1.345200e-003 -1.345200e-003
2.112900e-002 8.155400e-004 7.643700e-005 8.156400e-004 8.156400e-004
2.114200e-002 -6.166900e-004 -2.963000e-004 -6.167800e-004 -6.167800e-004
2.115700e-002 5.001800e-004 2.895000e-004 5.002600e-004 5.002600e-004
2.117100e-002 -4.061400e-004 -3.002500e-004 -4.062000e-004 -4.062000e-004
2.117900e-002 2.889700e-004 2.638000e-004 2.890200e-004 2.890200e-004
2.121500e-002 -2.638600e-004 -2.447000e-004 -2.639100e-004 -2.639100e-004
2.123300e-002 2.358100e-004 2.251700e-004 2.358500e-004 2.358500e-004
2.123900e-002 -1.561200e-004 -1.555800e-004 -1.561500e-004 -1.561500e-004
2.128300e-002 1.539100e-004 1.535100e-004 1.539300e-004 1.539300e-004
2.148300e-002 -1.461200e-004 -1.457200e-004 -1.461400e-004 -1.461500e-004
2.168300e-002 1.503900e-004 1.499900e-004 1.504200e-004 1.504200e-004
2.188300e-002 -1.426400e-004 -1.422400e-004 -1.426700e-004 -1.426700e-004
2.208300e-002 1.469700e-004 1.465600e-004 1.469900e-004 1.469900e-004
2.228300e-002 -1.392500e-004 -1.388400e-004 -1.392700e-004 -1.392700e-004
2.248300e-002 1.436200e-004 1.432100e-004 1.436400e-004 1.436400e-004
2.268300e-002 -1.359300e-004 -1.355300e-004 -1.359500e-004 -1.359500e-004
2.288300e-002 1.403400e-004 1.399400e-004 1.403600e-004 1.403600e-004
2.308300e-002 -1.326900e-004 -1.322900e-004 -1.327100e-004 -1.327100e-004
2.328300e-002 1.371500e-004 1.367500e-004 1.371700e-004 1.371700e-004
2.348300e-002 -1.295200e-004 -1.291300e-004 -1.295400e-004 -1.295500e-004
2.368300e-002 1.340200e-004 1.336300e-004 1.340400e-004 1.340400e-004
2.388300e-002 -1.264300e-004 -1.260400e-004 -1.264500e-004 -1.264500e-004
2.408300e-002 1.309700e-004 1.305800e-004 1.309900e-004 1.309900e-004
2.428300e-002 -1.234100e-004 -1.230200e-004 -1.234300e-004 -1.234300e-004
2.448300e-002 1.279900e-004 1.276100e-004 1.280100e-004 1.280100e-004
2.468300e-002 -1.204600e-004 -1.200800e-004 -1.204800e-004 -1.204800e-004
2.488300e-002 1.250800e-004 1.247000e-004 1.251000e-004 1.251000e-004
2.508300e-002 -1.175800e-004 -1.172000e-004 -1.176000e-004 -1.176000e-004
2.528300e-002 1.222400e-004 1.218700e-004 1.222600e-004 1.222600e-004
2.548300e-002 -1.147600e-004 -1.144000e-004 -1.147800e-004 -1.147800e-004
2.568300e-002 1.194600e-004 1.191000e-004 1.194800e-004 1.194800e-004
2.588300e-002 -1.120200e-004 -1.116500e-004 -1.120300e-004 -1.120300e-004
2.608300e-002 1.167500e-004 1.163900e-004 1.167700e-004 1.167700e-004
2.628300e-002 -1.093300e-004 -1.089800e-004 -1.093500e-004 -1.093500e-004
2.648300e-002 1.141000e-004 1.137500e-004 1.141100e-004 1.141200e-004
2.668300e-002 -1.067100e-004 -1.063600e-004 -1.067200e-004 -1.067200e-004
2.688300e-002 1.115100e-004 1.111700e-004 1.115300e-004 1.115300e-004
2.708300e-002 -1.041400e-004 -1.038100e-004 -1.041600e-004 -1.041600e-004
2.728300e-002 1.089800e-004 1.086500e-004 1.090000e-004 1.090000e-004
2.748300e-002 -1.016400e-004 -1.013200e-004 -1.016600e-004 -1.016600e-004
2.768300e-002 1.065100e-004 1.061900e-004 1.065300e-004 1.065300e-004
2.788300e-002 -9.919800e-005 -9.888000e-005 -9.921200e-005 -9.921400e-005
2.808300e-002 1.041000e-004 1.037900e-004 1.041100e-004 1.041200e-004
2.828300e-002 -9.681000e-005 -9.650100e-005 -9.682400e-005 -9.682600e-005
2.848300e-002 1.017400e-004 1.014400e-004 1.017600e-004 1.017600e-004
2.868300e-002 -9.447800e-005 -9.417800e-005 -9.449200e-005 -9.449400e-005
2.888300e-002 9.944200e-005 9.914700e-005 9.945600e-005 9.945800e-005
2.908300e-002 -9.220000e-005 -9.191000e-005 -9.221400e-005 -9.221500e-005
2.928300e-002 9.719400e-005 9.690800e-005 9.720700e-005 9.720900e-005
2.948300e-002 -8.997500e-005 -8.969400e-005 -8.998800e-005 -8.999000e-005
2.968300e-002 9.499800e-005 9.472100e-005 9.501100e-005 9.501300e-005
2.988300e-002 -8.780200e-005 -8.753000e-005 -8.781500e-005 -8.781700e-005
3.000000e-002 9.209700e-005 9.183200e-005 9.210900e-005 9.211100e-005
3.000000e-002 9.172900e-005 9.146400e-005 9.174300e-005 9.174200e-005
3.000000e-002 7.175300e-004 7.186400e-004 7.170000e-004 7.155900e-004
3.000000e-002 1.498100e-003 1.501200e-003 1.496800e-003 1.493200e-003
3.000000e-002 1.882300e-003 1.886000e-003 1.880700e-003 1.876400e-003
3.000000e-002 2.120300e-003 2.124500e-003 2.118600e-003 2.113900e-003
3.000000e-002 2.268400e-003 2.272900e-003 2.266500e-003 2.261500e-003
3.000000e-002 3.063900e-003 3.090400e-003 3.055300e-003 3.035600e-003
3.000000e-002 3.288500e-002 3.427500e-002 3.239300e-002 3.110700e-002
3.000000e-002 6.004300e-002 6.232400e-002 5.923500e-002 5.709500e-002
3.000000e-002 1.577300e-001 1.621600e-001 1.561400e-001 1.517300e-001
3.000000e-002 3.163700e-001 3.226100e-001 3.141200e-001 3.076900e-001
3.000000e-002 5.084900e-001 5.152100e-001 5.060700e-001 4.990500e-001
3.000000e-002 7.226000e-001 7.292400e-001 7.202400e-001 7.132800e-001
3.000000e-002 9.233700e-001 9.297200e-001 9.211600e-001 9.145200e-001
3.000000e-002 1.095900e+000 1.101700e+000 1.093900e+000 1.087800e+000
3.000000e-002 1.236200e+000 1.241400e+000 1.234500e+000 1.229000e+000
3.000000e-002 1.350600e+000 1.355200e+000 1.349100e+000 1.344300e+000
3.000000e-002 1.446900e+000 1.450900e+000 1.445700e+000 1.441700e+000
3.000000e-002 1.529700e+000 1.533100e+000 1.528800e+000 1.525400e+000
3.000000e-002 1.618300e+000 1.621200e+000 1.617700e+000 1.614800e+000
3.000000e-002 1.719000e+000 1.721300e+000 1.718700e+000 1.716400e+000
3.000000e-002 1.801700e+000 1.803400e+000 1.801500e+000 1.799900e+000
3.000000e-002 1.836000e+000 1.836900e+000 1.836000e+000 1.835100e+000
3.000000e-002 1.833400e+000 1.834100e+000 1.833400e+000 1.832800e+000
3.000000e-002 1.832200e+000 1.832200e+000 1.832300e+000 1.832400e+000
3.000300e-002 1.833200e+000 1.833400e+000 1.833300e+000 1.833100e+000
3.001500e-002 1.832200e+000 1.832200e+000 1.832400e+000 1.832400e+000
3.005800e-002 1.833200e+000 1.833400e+000 1.833300e+000 1.833100e+000
3.020400e-002 1.832200e+000 1.832200e+000 1.832400e+000 1.832400e+000
3.040400e-002 1.833200e+000 1.833400e+000 1.833300e+000 1.833100e+000
3.060400e-002 1.832200e+000 1.832200e+000 1.832400e+000 1.832400e+000
3.080400e-002 1.833200e+000 1.833400e+000 1.833300e+000 1.833100e+000
3.100000e-002 1.832200e+000 1.832200e+000 1.832400e+000 1.832400e+000
3.100000e-002 1.832300e+000 1.832300e+000 1.832400e+000 1.832500e+000
3.100000e-002 1.832600e+000 1.832600e+000 1.832700e+000 1.832800e+000
3.100000e-002 1.832600e+000 1.832600e+000 1.832800e+000 1.832800e+000
3.100000e-002 1.832700e+000 1.832700e+000 1.832900e+000 1.832900e+000
3.100000e-002 1.832700e+000 1.832700e+000 1.832900e+000 1.832900e+000
3.100000e-002 1.831900e+000 1.832400e+000 1.832600e+000 1.832400e+000
3.100100e-002 1.818700e+000 1.827800e+000 1.830100e+000 1.826600e+000
3.100300e-002 1.718100e+000 1.800400e+000 1.818900e+000 1.790400e+000
3.100600e-002 1.477200e+000 1.723400e+000 1.790000e+000 1.689300e+000
3.101100e-002 1.146100e+000 1.596800e+000 1.735600e+000 1.531100e+000
3.101600e-002 8.055000e-001 1.460500e+000 1.672200e+000 1.363300e+000
3.102200e-002 4.619700e-001 1.314200e+000 1.599600e+000 1.185000e+000
3.102700e-002 1.630300e-001 1.178200e+000 1.531800e+000 1.019900e+000
3.103100e-002 2.359700e-003 1.052800e+000 1.467500e+000 8.681400e-001
3.103500e-002 -2.655600e-002 9.431300e-001 1.411200e+000 7.351500e-001
3.104000e-002 -2.440200e-002 8.279400e-001 1.350900e+000 6.001900e-001
3.104400e-002 -2.235200e-002 7.227500e-001 1.296400e+000 4.737800e-001
3.104600e-002 -2.381700e-002 6.661500e-001 1.264900e+000 4.087300e-001
3.104700e-002 -2.208800e-002 6.415300e-001 1.253300e+000 3.793600e-001
3.105000e-002 -2.310600e-002 5.648700e-001 1.210600e+000 2.920100e-001
3.105400e-002 -2.090600e-002 4.436200e-001 1.146600e+000 1.597800e-001
3.106100e-002 -1.982000e-002 2.891800e-001 1.057300e+000 2.613700e-002
3.106800e-002 -1.313600e-002 1.302900e-001 9.632100e-001 -1.690300e-002
3.107500e-002 -1.060900e-002 1.599700e-002 8.548200e-001 -9.497300e-003
3.108300e-002 -5.956600e-003 -1.056500e-002 7.502700e-001 -6.386400e-003
3.109100e-002 -6.272600e-003 -4.809200e-003 6.384800e-001 -6.155900e-003
3.109500e-002 -6.080400e-003 -6.118700e-003 5.854400e-001 -6.078200e-003
3.109700e-002 -6.251900e-003 -6.293600e-003 5.575000e-001 -6.251500e-003
3.110200e-002 -5.755700e-003 -5.795800e-003 4.984800e-001 -5.755700e-003
3.110900e-002 -5.749500e-003 -5.763100e-003 4.099000e-001 -5.749500e-003
3.111200e-002 -5.547700e-003 -5.549800e-003 3.660900e-001 -5.547700e-003
3.112000e-002 -5.104500e-003 -5.103000e-003 2.660300e-001 -5.104500e-003
3.113200e-002 -4.588500e-003 -4.589700e-003 1.218000e-001 -4.588500e-003
3.114800e-002 -1.250800e-003 -1.249900e-003 1.725100e-002 -1.250800e-003
3.116500e-002 -4.508600e-005 -4.592200e-005 -8.220200e-003 -4.509900e-005
3.118300e-002 5.780100e-004 5.787300e-004 5.593400e-003 5.780300e-004
3.120200e-002 -8.263400e-004 -8.269500e-004 -4.011300e-003 -8.263500e-004
3.120800e-002 9.669400e-004 9.673100e-004 1.471900e-003 9.669500e-004
3.122300e-002 -8.615800e-004 -8.618900e-004 -1.144700e-003 -8.615900e-004
3.123100e-002 6.702300e-004 6.704400e-004 7.500100e-004 6.702400e-004
3.128600e-002 -6.383700e-004 -6.385700e-004 -7.068900e-004 -6.383800e-004
3.131300e-002 5.948500e-004 5.950300e-004 6.460100e-004 5.948600e-004
3.132000e-002 -4.283700e-004 -4.284900e-004 -4.435400e-004 -4.283800e-004
3.135600e-002 4.076600e-004 4.077700e-004 4.197900e-004 4.076600e-004
3.137400e-002 -3.530000e-004 -3.530900e-004 -3.605900e-004 -3.530100e-004
3.155300e-002 3.543900e-004 3.544800e-004 3.616300e-004 3.544000e-004
3.175300e-002 -3.444200e-004 -3.445100e-004 -3.513600e-004 -3.444300e-004
3.195300e-002 3.463800e-004 3.464700e-004 3.530300e-004 3.463900e-004
3.215300e-002 -3.364900e-004 -3.365800e-004 -3.428700e-004 -3.364900e-004
3.235300e-002 3.385500e-004 3.386300e-004 3.446600e-004 3.385500e-004
3.255300e-002 -3.287300e-004 -3.288200e-004 -3.345900e-004 -3.287400e-004
3.275300e-002 3.308900e-004 3.309700e-004 3.365000e-004 3.308900e-004
3.295300e-002 -3.211500e-004 -3.212300e-004 -3.265300e-004 -3.211500e-004
3.315300e-002 3.233900e-004 3.234700e-004 3.285500e-004 3.234000e-004
3.335300e-002 -3.137300e-004 -3.138100e-004 -3.186800e-004 -3.137400e-004
3.355300e-002 3.160700e-004 3.161400e-004 3.208000e-004 3.160700e-004
3.375300e-002 -3.064800e-004 -3.065500e-004 -3.110200e-004 -3.064800e-004
3.395300e-002 3.089000e-004 3.089700e-004 3.132500e-004 3.089000e-004
3.415300e-002 -2.993900e-004 -2.994600e-004 -3.035600e-004 -2.993900e-004
3.435300e-002 3.018900e-004 3.019700e-004 3.058900e-004 3.019000e-004
3.455300e-002 -2.924500e-004 -2.925200e-004 -2.962900e-004 -2.924600e-004
3.475300e-002 2.950500e-004 2.951200e-004 2.987200e-004 2.950500e-004
3.495300e-002 -2.856700e-004 -2.857400e-004 -2.892000e-004 -2.856800e-004
3.515300e-002 2.883500e-004 2.884200e-004 2.917300e-004 2.883500e-004
3.535300e-002 -2.790500e-004 -2.791100e-004 -2.822800e-004 -2.790500e-004
3.555300e-002 2.818000e-004 2.818700e-004 2.849100e-004 2.818100e-004
3.575300e-002 -2.725700e-004 -2.726300e-004 -2.755400e-004 -2.725700e-004
3.595300e-002 2.754000e-004 2.754700e-004 2.782500e-004 2.754100e-004
3.615300e-002 -2.662400e-004 -2.663000e-004 -2.689700e-004 -2.662400e-004
3.635300e-002 2.691500e-004 2.692100e-004 2.717700e-004 2.691500e-004
3.655300e-002 -2.600500e-004 -2.601100e-004 -2.625600e-004 -2.600500e-004
3.675300e-002 2.630300e-004 2.630900e-004 2.654400e-004 2.630300e-004
3.695300e-002 -2.539900e-004 -2.540500e-004 -2.563000e-004 -2.540000e-004
3.715300e-002 2.570500e-004 2.571100e-004 2.592700e-004 2.570600e-004
3.735300e-002 -2.480800e-004 -2.481400e-004 -2.502000e-004 -2.480800e-004
3.755300e-002 2.512100e-004 2.512700e-004 2.532500e-004 2.512100e-004
3.775300e-002 -2.423000e-004 -2.423500e-004 -2.442500e-004 -2.423000e-004
3.795300e-002 2.455000e-004 2.455600e-004 2.473700e-004 2.455000e-004
3.815300e-002 -2.366500e-004 -2.367000e-004 -2.384400e-004 -2.366500e-004
3.835300e-002 2.399200e-004 2.399700e-004 2.416400e-004 2.399200e-004
3.855300e-002 -2.311300e-004 -2.311800e-004 -2.327800e-004 -2.311300e-004
3.875300e-002 2.344700e-004 2.345200e-004 2.360500e-004 2.344700e-004
3.895300e-002 -2.257300e-004 -2.257800e-004 -2.272500e-004 -2.257300e-004
3.915300e-002 2.291300e-004 2.291800e-004 2.305900e-004 2.291400e-004
3.935300e-002 -2.204600e-004 -2.205100e-004 -2.218500e-004 -2.204600e-004
3.955300e-002 2.239200e-004 2.239700e-004 2.252600e-004 2.239300e-004
3.975300e-002 -2.153000e-004 -2.153500e-004 -2.165800e-004 -2.153100e-004
3.995300e-002 2.188300e-004 2.188800e-004 2.200600e-004 2.188400e-004
4.000000e-002 -2.023000e-004 -2.023400e-004 -2.033200e-004 -2.023000e-004
4.000000e-002 -2.022800e-004 -2.023400e-004 -2.033200e-004 -2.022900e-004
4.000000e-002 -2.024800e-004 -2.025400e-004 -2.035200e-004 -2.025000e-004
4.000000e-002 1.196100e-003 1.202600e-003 1.206400e-003 1.201200e-003
4.000000e-002 1.924800e-003 1.933600e-003 1.939100e-003 1.931700e-003
4.000000e-002 2.451600e-003 2.465500e-003 2.476900e-003 2.462300e-003
4.000000e-002 2.521200e-003 2.539300e-003 2.556300e-003 2.535000e-003
4.000000e-002 6.418600e-003 6.887700e-003 7.379000e-003 6.768600e-003
4.000000e-002 1.164900e-001 1.225200e-001 1.276300e-001 1.211300e-001
4.000000e-002 3.456100e-001 3.566500e-001 3.655600e-001 3.541700e-001
4.000000e-002 5.908900e-001 6.028100e-001 6.121200e-001 6.001700e-001
4.000000e-002 8.133700e-001 8.250300e-001 8.339700e-001 8.224700e-001
4.000000e-002 1.007300e+000 1.018300e+000 1.026600e+000 1.015900e+000
4.000000e-002 1.165400e+000 1.175300e+000 1.182800e+000 1.173100e+000
4.000000e-002 1.292100e+000 1.301000e+000 1.307600e+000 1.299100e+000
4.000000e-002 1.399100e+000 1.406800e+000 1.412500e+000 1.405100e+000
4.000000e-002 1.487800e+000 1.494300e+000 1.499100e+000 1.492900e+000
4.000000e-002 1.571600e+000 1.577000e+000 1.581000e+000 1.575800e+000
4.000000e-002 1.669100e+000 1.673600e+000 1.676800e+000 1.672600e+000
4.000000e-002 1.766700e+000 1.770000e+000 1.772400e+000 1.769300e+000
4.000000e-002 1.824800e+000 1.827000e+000 1.828500e+000 1.826500e+000
4.000000e-002 1.828900e+000 1.830700e+000 1.831900e+000 1.830300e+000
4.000000e-002 1.834000e+000 1.834100e+000 1.834200e+000 1.834100e+000
4.000100e-002 1.831400e+000 1.831500e+000 1.831600e+000 1.831500e+000
4.000700e-002 1.833900e+000 1.834000e+000 1.834100e+000 1.834000e+000
4.004200e-002 1.831400e+000 1.831500e+000 1.831600e+000 1.831500e+000
4.017000e-002 1.833900e+000 1.834000e+000 1.834100e+000 1.834000e+000
4.037000e-002 1.831400e+000 1.831500e+000 1.831600e+000 1.831500e+000
4.057000e-002 1.833900e+000 1.834000e+000 1.834000e+000 1.834000e+000
4.077000e-002 1.831400e+000 1.831500e+000 1.831600e+000 1.831500e+000
4.097000e-002 1.833900e+000 1.834000e+000 1.834000e+000 1.834000e+000
4.100000e-002 1.831400e+000 1.831500e+000 1.831600e+000 1.831500e+000
4.100000e-002 1.831600e+000 1.831700e+000 1.831700e+000 1.831700e+000
4.100000e-002 1.831900e+000 1.832000e+000 1.832100e+000 1.832000e+000
4.100000e-002 1.832000e+000 1.832100e+000 1.832200e+000 1.832100e+000
4.100000e-002 1.832200e+000 1.832400e+000 1.832400e+000 1.832300e+000
4.100000e-002 1.832200e+000 1.832400e+000 1.832400e+000 1.832400e+000
4.100000e-002 1.831500e+000 1.832100e+000 1.832200e+000 1.832000e+000
4.100100e-002 1.817900e+000 1.827200e+000 1.829600e+000 1.826000e+000
4.100300e-002 1.716500e+000 1.799500e+000 1.818200e+000 1.789300e+000
4.100600e-002 1.475500e+000 1.722000e+000 1.788900e+000 1.687800e+000
4.101100e-002 1.144600e+000 1.595400e+000 1.734400e+000 1.529600e+000
4.101600e-002 8.043100e-001 1.459100e+000 1.670900e+000 1.361900e+000
4.102200e-002 4.609900e-001 1.312900e+000 1.598300e+000 1.183700e+000
4.102700e-002 1.622700e-001 1.176900e+000 1.530400e+000 1.018700e+000
4.103100e-002 2.169500e-003 1.051600e+000 1.466200e+000 8.670400e-001
4.103500e-002 -2.675700e-002 9.419300e-001 1.409900e+000 7.340400e-001
4.104000e-002 -2.469900e-002 8.268000e-001 1.349600e+000 5.991200e-001
4.104400e-002 -2.287800e-002 7.215300e-001 1.295100e+000 4.726600e-001
4.104600e-002 -2.437700e-002 6.650100e-001 1.263700e+000 4.076700e-001
4.104700e-002 -2.271900e-002 6.403300e-001 1.252100e+000 3.782500e-001
4.105000e-002 -2.376800e-002 5.637300e-001 1.209400e+000 2.909600e-001
4.105400e-002 -2.161900e-002 4.424300e-001 1.145400e+000 1.587100e-001
4.106100e-002 -2.028100e-002 2.881500e-001 1.056100e+000 2.549700e-002
4.106800e-002 -1.329400e-002 1.292700e-001 9.619300e-001 -1.718800e-002
4.107500e-002 -1.050500e-002 1.589300e-002 8.535900e-001 -9.349100e-003
4.108300e-002 -5.974800e-003 -1.068300e-002 7.489500e-001 -6.420500e-003
4.109100e-002 -6.188600e-003 -4.685600e-003 6.372600e-001 -6.065800e-003
4.109500e-002 -6.084400e-003 -6.125100e-003 5.841200e-001 -6.082200e-003
4.109700e-002 -6.192500e-003 -6.234900e-003 5.562900e-001 -6.192200e-003
4.110200e-002 -5.744200e-003 -5.784200e-003 4.971800e-001 -5.744200e-003
4.110900e-002 -5.690600e-003 -5.704000e-003 4.087200e-001 -5.690700e-003
4.111200e-002 -5.537400e-003 -5.539300e-003 3.648000e-001 -5.537400e-003
4.112000e-002 -5.047300e-003 -5.046000e-003 2.649100e-001 -5.047300e-003
4.113200e-002 -4.587700e-003 -4.588800e-003 1.206300e-001 -4.587700e-003
4.114800e-002 -1.169000e-003 -1.168100e-003 1.733600e-002 -1.169000e-003
4.116500e-002 -1.179900e-004 -1.187700e-004 -8.452700e-003 -1.180000e-004
4.118300e-002 6.505300e-004 6.511900e-004 5.774500e-003 6.505300e-004
4.120200e-002 -8.962200e-004 -8.967900e-004 -4.155400e-003 -8.962300e-004
4.120800e-002 1.022100e-003 1.022500e-003 1.532000e-003 1.022100e-003
4.122300e-002 -9.094300e-004 -9.097200e-004 -1.195900e-003 -9.094400e-004
4.123100e-002 7.060600e-004 7.062500e-004 7.872300e-004 7.060600e-004
4.128800e-002 -6.738500e-004 -6.740400e-004 -7.438900e-004 -6.738500e-004
4.131600e-002 6.295500e-004 6.297100e-004 6.819900e-004 6.295500e-004
4.132500e-002 -4.887000e-004 -4.888100e-004 -5.093100e-004 -4.887000e-004
4.138200e-002 4.753800e-004 4.754900e-004 4.931000e-004 4.753800e-004
4.158200e-002 -4.641100e-004 -4.642200e-004 -4.810300e-004 -4.641100e-004
4.178200e-002 4.647500e-004 4.648600e-004 4.809000e-004 4.647500e-004
4.198200e-002 -4.535800e-004 -4.536900e-004 -4.689900e-004 -4.535800e-004
4.218200e-002 4.543400e-004 4.544400e-004 4.690400e-004 4.543400e-004
4.238200e-002 -4.432700e-004 -4.433800e-004 -4.573000e-004 -4.432700e-004
4.258200e-002 4.441500e-004 4.442500e-004 4.575300e-004 4.441500e-004
4.278200e-002 -4.331800e-004 -4.332800e-004 -4.459400e-004 -4.331800e-004
4.298200e-002 4.341700e-004 4.342700e-004 4.463400e-004 4.341700e-004
4.318200e-002 -4.233000e-004 -4.234000e-004 -4.349000e-004 -4.233000e-004
4.338200e-002 4.244000e-004 4.245000e-004 4.354600e-004 4.244000e-004
4.358200e-002 -4.136300e-004 -4.137300e-004 -4.241800e-004 -4.136300e-004
4.378200e-002 4.148400e-004 4.149400e-004 4.248900e-004 4.148400e-004
4.398200e-002 -4.041700e-004 -4.042600e-004 -4.137500e-004 -4.041700e-004
4.418200e-002 4.054900e-004 4.055800e-004 4.146100e-004 4.054900e-004
4.438200e-002 -3.949100e-004 -3.950000e-004 -4.036000e-004 -3.949100e-004
4.458200e-002 3.963400e-004 3.964300e-004 4.046200e-004 3.963400e-004
4.478200e-002 -3.858500e-004 -3.859400e-004 -3.937400e-004 -3.858500e-004
4.498200e-002 3.873900e-004 3.874700e-004 3.948900e-004 3.873900e-004
4.500000e-002 -3.342800e-004 -3.343500e-004 -3.384900e-004 -3.342800e-004
