0.0000e+000 3.3000e-006 3.3000e-006 3.3000e-006 3.3000e-006
1.7111e-010 3.3297e-006 3.3297e-006 3.3296e-006 3.3297e-006
1.8822e-009 2.9036e-006 2.9043e-006 2.9051e-006 2.9044e-006
5.0000e-009 2.0626e-003 2.0582e-003 2.0529e-003 2.0574e-003
6.5589e-009 3.5216e-003 3.4415e-003 3.3718e-003 3.4289e-003
9.2368e-009 5.0555e-002 4.9119e-002 4.7515e-002 4.8860e-002
1.1759e-008 2.3254e-001 2.2876e-001 2.2424e-001 2.2806e-001
1.3856e-008 4.6743e-001 4.6248e-001 4.5636e-001 4.6153e-001
1.6416e-008 7.1152e-001 7.0628e-001 6.9978e-001 7.0528e-001
1.9531e-008 9.2148e-001 9.1631e-001 9.0989e-001 9.1532e-001
2.3326e-008 1.0986e+000 1.0937e+000 1.0876e+000 1.0927e+000
2.7731e-008 1.2400e+000 1.2354e+000 1.2298e+000 1.2346e+000
3.2772e-008 1.3550e+000 1.3509e+000 1.3458e+000 1.3501e+000
3.9067e-008 1.4509e+000 1.4473e+000 1.4429e+000 1.4467e+000
4.7216e-008 1.5339e+000 1.5309e+000 1.5271e+000 1.5303e+000
5.8002e-008 1.6228e+000 1.6202e+000 1.6169e+000 1.6197e+000
7.3038e-008 1.7238e+000 1.7217e+000 1.7190e+000 1.7213e+000
9.6539e-008 1.8043e+000 1.8028e+000 1.8009e+000 1.8025e+000
1.4229e-007 1.8375e+000 1.8366e+000 1.8355e+000 1.8365e+000
1.6517e-007 1.8342e+000 1.8335e+000 1.8327e+000 1.8334e+000
3.9392e-007 1.8321e+000 1.8322e+000 1.8323e+000 1.8322e+000
1.1753e-006 1.8333e+000 1.8332e+000 1.8331e+000 1.8332e+000
3.7760e-006 1.8322e+000 1.8323e+000 1.8323e+000 1.8323e+000
1.2688e-005 1.8333e+000 1.8332e+000 1.8331e+000 1.8332e+000
4.2435e-005 1.8323e+000 1.8323e+000 1.8323e+000 1.8323e+000
1.4673e-004 1.8333e+000 1.8332e+000 1.8331e+000 1.8332e+000
3.4673e-004 1.8322e+000 1.8323e+000 1.8323e+000 1.8323e+000
5.4673e-004 1.8333e+000 1.8332e+000 1.8331e+000 1.8332e+000
7.4673e-004 1.8323e+000 1.8323e+000 1.8323e+000 1.8323e+000
9.4673e-004 1.8333e+000 1.8332e+000 1.8331e+000 1.8332e+000
1.0000e-003 1.8323e+000 1.8323e+000 1.8323e+000 1.8323e+000
1.0000e-003 1.8323e+000 1.8323e+000 1.8324e+000 1.8323e+000
1.0000e-003 1.8326e+000 1.8326e+000 1.8326e+000 1.8326e+000
1.0000e-003 1.8326e+000 1.8327e+000 1.8327e+000 1.8327e+000
1.0000e-003 1.8328e+000 1.8328e+000 1.8328e+000 1.8328e+000
1.0000e-003 1.8328e+000 1.8328e+000 1.8328e+000 1.8328e+000
1.0001e-003 1.8325e+000 1.8324e+000 1.8321e+000 1.8324e+000
1.0007e-003 1.8290e+000 1.8267e+000 1.8207e+000 1.8261e+000
1.0029e-003 1.8096e+000 1.7879e+000 1.7289e+000 1.7817e+000
1.0072e-003 1.7537e+000 1.6763e+000 1.4962e+000 1.6555e+000
1.0129e-003 1.6544e+000 1.5007e+000 1.1685e+000 1.4613e+000
1.0190e-003 1.5434e+000 1.3129e+000 8.2739e-001 1.2547e+000
1.0252e-003 1.4218e+000 1.1147e+000 4.8267e-001 1.0372e+000
1.0313e-003 1.3075e+000 9.3036e-001 1.7927e-001 8.3540e-001
1.0367e-003 1.2035e+000 7.6203e-001 7.5617e-003 6.5321e-001
1.0417e-003 1.1124e+000 6.1375e-001 -2.6500e-002 4.9206e-001
1.0466e-003 1.0162e+000 4.6604e-001 -2.6336e-002 3.3461e-001
1.0514e-003 9.2953e-001 3.2932e-001 -2.5732e-002 1.9309e-001
1.0538e-003 8.7951e-001 2.5993e-001 -2.7623e-002 1.2420e-001
1.0550e-003 8.6095e-001 2.2985e-001 -2.5025e-002 9.6753e-002
1.0581e-003 8.0056e-001 1.4870e-001 -2.5233e-002 3.1226e-002
1.0630e-003 7.1261e-001 5.0119e-002 -1.7525e-002 -1.0593e-002
1.0692e-003 5.9801e-001 -7.9201e-003 -1.1063e-002 -1.2208e-002
1.0762e-003 4.7223e-001 -8.1249e-003 -7.5146e-003 -7.3205e-003
1.0837e-003 3.4132e-001 -8.3920e-003 -8.4816e-003 -8.5889e-003
1.0863e-003 2.9695e-001 -7.8269e-003 -7.8144e-003 -7.8533e-003
1.0876e-003 2.7596e-001 -7.5140e-003 -7.4865e-003 -7.5066e-003
1.0909e-003 2.2053e-001 -7.4461e-003 -7.4076e-003 -7.4105e-003
1.0966e-003 1.3434e-001 -6.2828e-003 -6.2758e-003 -6.2754e-003
1.0995e-003 9.3371e-002 -6.1860e-003 -6.1888e-003 -6.1888e-003
1.1058e-003 2.9916e-002 -3.2550e-003 -3.2528e-003 -3.2528e-003
1.1090e-003 1.0057e-002 -2.4903e-003 -2.4912e-003 -2.4913e-003
1.1157e-003 1.4075e-004 3.8716e-004 3.8783e-004 3.8783e-004
1.1254e-003 -1.8210e-004 -2.7096e-004 -2.7151e-004 -2.7151e-004
1.1373e-003 1.2625e-004 2.1509e-004 2.1554e-004 2.1554e-004
1.1503e-003 -1.6193e-004 -1.6753e-004 -1.6790e-004 -1.6790e-004
1.1541e-003 8.1975e-005 9.0008e-005 9.0202e-005 9.0201e-005
1.1663e-003 -6.4088e-005 -6.7370e-005 -6.7527e-005 -6.7526e-005
1.1723e-003 5.0492e-005 4.9850e-005 4.9955e-005 4.9952e-005
1.2224e-003 -4.2184e-005 -4.1468e-005 -4.1568e-005 -4.1565e-005
1.2474e-003 4.4472e-005 4.3609e-005 4.3700e-005 4.3697e-005
1.4474e-003 -3.7810e-005 -3.6928e-005 -3.7018e-005 -3.7015e-005
1.5474e-003 4.3124e-005 4.2190e-005 4.2278e-005 4.2275e-005
1.7474e-003 -3.6490e-005 -3.5521e-005 -3.5608e-005 -3.5605e-005
1.9474e-003 4.2286e-005 4.1275e-005 4.1361e-005 4.1358e-005
2.1474e-003 -3.5668e-005 -3.4611e-005 -3.4696e-005 -3.4693e-005
2.3474e-003 4.1485e-005 4.0382e-005 4.0467e-005 4.0464e-005
2.5474e-003 -3.4875e-005 -3.3725e-005 -3.3808e-005 -3.3805e-005
2.7474e-003 4.0713e-005 3.9513e-005 3.9595e-005 3.9592e-005
2.9474e-003 -3.4116e-005 -3.2860e-005 -3.2942e-005 -3.2939e-005
3.1474e-003 3.9981e-005 3.8666e-005 3.8746e-005 3.8743e-005
3.3474e-003 -3.3407e-005 -3.2019e-005 -3.2098e-005 -3.2095e-005
3.5474e-003 3.9311e-005 3.7841e-005 3.7919e-005 3.7916e-005
3.7474e-003 -3.2791e-005 -3.1200e-005 -3.1278e-005 -3.1275e-005
3.9474e-003 3.8767e-005 3.7039e-005 3.7115e-005 3.7112e-005
4.1474e-003 -3.2230e-005 -3.0404e-005 -3.0480e-005 -3.0477e-005
4.2474e-003 3.7866e-005 3.5876e-005 3.5950e-005 3.5947e-005
4.4474e-003 -3.1346e-005 -2.9254e-005 -2.9327e-005 -2.9324e-005
4.5474e-003 3.7107e-005 3.4761e-005 3.4833e-005 3.4830e-005
4.7474e-003 -3.0602e-005 -2.8152e-005 -2.8223e-005 -2.8220e-005
4.8474e-003 3.6292e-005 3.3694e-005 3.3764e-005 3.3760e-005
5.0474e-003 -2.9792e-005 -2.7097e-005 -2.7165e-005 -2.7162e-005
5.1474e-003 3.5620e-005 3.2672e-005 3.2739e-005 3.2736e-005
5.1603e-003 -2.5690e-005 -2.1750e-005 -2.1806e-005 -2.1803e-005
5.2137e-003 3.0898e-005 2.7017e-005 2.7071e-005 2.7068e-005
5.2404e-003 -2.2599e-005 -1.8909e-005 -1.8960e-005 -1.8956e-005
5.3761e-003 2.8418e-005 2.4817e-005 2.4867e-005 2.4863e-005
5.4439e-003 -2.1226e-005 -1.7881e-005 -1.7929e-005 -1.7925e-005
5.6439e-003 2.7160e-005 2.3912e-005 2.3959e-005 2.3955e-005
5.8439e-003 -2.0569e-005 -1.7427e-005 -1.7474e-005 -1.7470e-005
6.0439e-003 2.6505e-005 2.3466e-005 2.3512e-005 2.3508e-005
6.2439e-003 -1.9922e-005 -1.6981e-005 -1.7027e-005 -1.7023e-005
6.4439e-003 2.5874e-005 2.3027e-005 2.3072e-005 2.3069e-005
6.6439e-003 -1.9298e-005 -1.6542e-005 -1.6587e-005 -1.6583e-005
6.8439e-003 2.5263e-005 2.2595e-005 2.2640e-005 2.2636e-005
7.0439e-003 -1.8694e-005 -1.6111e-005 -1.6155e-005 -1.6151e-005
7.2439e-003 2.4674e-005 2.2171e-005 2.2215e-005 2.2211e-005
7.4439e-003 -1.8111e-005 -1.5687e-005 -1.5730e-005 -1.5726e-005
7.6439e-003 2.4103e-005 2.1755e-005 2.1797e-005 2.1794e-005
7.8439e-003 -1.7546e-005 -1.5270e-005 -1.5313e-005 -1.5309e-005
8.0439e-003 2.3551e-005 2.1345e-005 2.1387e-005 2.1383e-005
8.2439e-003 -1.6999e-005 -1.4862e-005 -1.4903e-005 -1.4899e-005
8.4439e-003 2.3016e-005 2.0943e-005 2.0985e-005 2.0981e-005
8.6439e-003 -1.6470e-005 -1.4460e-005 -1.4501e-005 -1.4497e-005
8.8439e-003 2.2497e-005 2.0549e-005 2.0589e-005 2.0585e-005
9.0439e-003 -1.5957e-005 -1.4067e-005 -1.4107e-005 -1.4103e-005
9.2439e-003 2.1995e-005 2.0162e-005 2.0201e-005 2.0197e-005
9.4439e-003 -1.5459e-005 -1.3680e-005 -1.3720e-005 -1.3716e-005
9.6439e-003 2.1508e-005 1.9782e-005 1.9821e-005 1.9817e-005
9.8439e-003 -1.4977e-005 -1.3302e-005 -1.3340e-005 -1.3336e-005
1.0000e-002 2.0970e-005 1.9357e-005 1.9395e-005 1.9391e-005
1.0000e-002 2.1151e-005 1.9540e-005 1.9576e-005 1.9577e-005
1.0000e-002 2.1246e-005 1.9631e-005 1.9677e-005 1.9678e-005
1.0000e-002 1.0273e-002 9.5983e-003 9.0591e-003 9.5153e-003
1.0000e-002 7.5459e-002 7.2651e-002 6.9996e-002 7.2292e-002
1.0000e-002 1.2396e-001 1.1976e-001 1.1573e-001 1.1922e-001
1.0000e-002 2.3421e-001 2.2816e-001 2.2218e-001 2.2740e-001
1.0000e-002 3.8882e-001 3.8177e-001 3.7459e-001 3.8088e-001
1.0000e-002 5.8761e-001 5.8030e-001 5.7277e-001 5.7939e-001
1.0000e-002 7.9582e-001 7.8862e-001 7.8122e-001 7.8776e-001
1.0000e-002 9.9168e-001 9.8487e-001 9.7790e-001 9.8409e-001
1.0000e-002 1.1528e+000 1.1466e+000 1.1403e+000 1.1459e+000
1.0000e-002 1.2836e+000 1.2780e+000 1.2724e+000 1.2775e+000
1.0000e-002 1.3920e+000 1.3871e+000 1.3822e+000 1.3866e+000
1.0000e-002 1.4824e+000 1.4782e+000 1.4740e+000 1.4778e+000
1.0000e-002 1.5635e+000 1.5599e+000 1.5565e+000 1.5597e+000
1.0000e-002 1.6580e+000 1.6550e+000 1.6523e+000 1.6549e+000
1.0000e-002 1.7559e+000 1.7536e+000 1.7516e+000 1.7536e+000
1.0000e-002 1.8226e+000 1.8210e+000 1.8197e+000 1.8211e+000
1.0000e-002 1.8364e+000 1.8357e+000 1.8352e+000 1.8358e+000
1.0000e-002 1.8334e+000 1.8329e+000 1.8326e+000 1.8330e+000
1.0001e-002 1.8325e+000 1.8325e+000 1.8327e+000 1.8327e+000
1.0004e-002 1.8331e+000 1.8328e+000 1.8328e+000 1.8330e+000
1.0017e-002 1.8325e+000 1.8326e+000 1.8327e+000 1.8327e+000
1.0063e-002 1.8331e+000 1.8328e+000 1.8328e+000 1.8330e+000
1.0224e-002 1.8325e+000 1.8326e+000 1.8327e+000 1.8327e+000
1.0424e-002 1.8331e+000 1.8328e+000 1.8328e+000 1.8330e+000
1.0624e-002 1.8325e+000 1.8326e+000 1.8327e+000 1.8327e+000
1.0824e-002 1.8331e+000 1.8328e+000 1.8328e+000 1.8330e+000
1.1000e-002 1.8325e+000 1.8326e+000 1.8327e+000 1.8327e+000
1.1000e-002 1.8326e+000 1.8326e+000 1.8328e+000 1.8327e+000
1.1000e-002 1.8328e+000 1.8328e+000 1.8330e+000 1.8329e+000
1.1000e-002 1.8328e+000 1.8328e+000 1.8330e+000 1.8330e+000
1.1000e-002 1.8329e+000 1.8328e+000 1.8330e+000 1.8330e+000
1.1000e-002 1.8328e+000 1.8328e+000 1.8330e+000 1.8330e+000
1.1000e-002 1.8325e+000 1.8320e+000 1.8324e+000 1.8326e+000
1.1001e-002 1.8279e+000 1.8191e+000 1.8265e+000 1.8301e+000
1.1003e-002 1.8005e+000 1.7197e+000 1.7882e+000 1.8182e+000
1.1006e-002 1.7228e+000 1.4796e+000 1.6814e+000 1.7873e+000
1.1011e-002 1.5950e+000 1.1488e+000 1.5152e+000 1.7292e+000
1.1017e-002 1.4572e+000 8.0808e-001 1.3392e+000 1.6617e+000
1.1022e-002 1.3094e+000 4.6437e-001 1.1526e+000 1.5849e+000
1.1027e-002 1.1720e+000 1.6536e-001 9.8011e-001 1.5127e+000
1.1032e-002 1.0456e+000 7.0310e-003 8.2222e-001 1.4443e+000
1.1036e-002 9.3487e-001 -2.0513e-002 6.8296e-001 1.3851e+000
1.1040e-002 8.1856e-001 -2.0023e-002 5.4285e-001 1.3219e+000
1.1044e-002 7.1223e-001 -1.9205e-002 4.1184e-001 1.2647e+000
1.1046e-002 6.5517e-001 -2.1153e-002 3.4495e-001 1.2317e+000
1.1048e-002 6.3029e-001 -1.9593e-002 3.1489e-001 1.2194e+000
1.1050e-002 5.5462e-001 -2.1170e-002 2.2806e-001 1.1756e+000
1.1055e-002 4.3638e-001 -1.9440e-002 1.0320e-001 1.1108e+000
1.1061e-002 2.8659e-001 -1.8043e-002 1.2351e-003 1.0206e+000
1.1068e-002 1.3242e-001 -1.2695e-002 -1.6234e-002 9.2587e-001
1.1075e-002 1.8182e-002 -1.1492e-002 -1.0522e-002 8.1707e-001
1.1083e-002 -1.0267e-002 -6.1035e-003 -6.4655e-003 7.1152e-001
1.1085e-002 -8.1370e-003 -6.5309e-003 -6.6851e-003 6.8390e-001
1.1089e-002 -6.1516e-003 -6.1270e-003 -6.1275e-003 6.2576e-001
1.1091e-002 -6.6589e-003 -6.6161e-003 -6.6140e-003 5.9533e-001
1.1096e-002 -6.1604e-003 -6.1128e-003 -6.1137e-003 5.3237e-001
1.1103e-002 -6.1292e-003 -6.0902e-003 -6.0896e-003 4.3937e-001
1.1111e-002 -5.6643e-003 -5.6575e-003 -5.6580e-003 3.2770e-001
1.1115e-002 -5.2792e-003 -5.2815e-003 -5.2812e-003 2.7495e-001
1.1118e-002 -5.5827e-003 -5.5822e-003 -5.5823e-003 2.4733e-001
1.1124e-002 -4.6576e-003 -4.6578e-003 -4.6577e-003 1.7305e-001
1.1135e-002 -4.1854e-003 -4.1853e-003 -4.1853e-003 5.8271e-002
1.1149e-002 5.1018e-004 5.1007e-004 5.1011e-004 4.8778e-003
1.1165e-002 -7.3787e-004 -7.3778e-004 -7.3781e-004 -2.9857e-003
1.1182e-002 8.0213e-004 8.0206e-004 8.0209e-004 2.1134e-003
1.1201e-002 -7.8732e-004 -7.8726e-004 -7.8729e-004 -1.6207e-003
1.1207e-002 6.5870e-004 6.5867e-004 6.5869e-004 8.3093e-004
1.1211e-002 -3.3745e-004 -3.3744e-004 -3.3745e-004 -3.1273e-004
1.1232e-002 3.0712e-004 3.0711e-004 3.0712e-004 2.9030e-004
1.1243e-002 -2.4025e-004 -2.4025e-004 -2.4025e-004 -2.3230e-004
1.1324e-002 2.3908e-004 2.3908e-004 2.3908e-004 2.3173e-004
1.1364e-002 -2.1946e-004 -2.1946e-004 -2.1946e-004 -2.1285e-004
1.1376e-002 1.8519e-004 1.8519e-004 1.8519e-004 1.8061e-004
1.1440e-002 -1.7252e-004 -1.7252e-004 -1.7252e-004 -1.6853e-004
1.1640e-002 1.7642e-004 1.7642e-004 1.7642e-004 1.7269e-004
1.1840e-002 -1.6838e-004 -1.6838e-004 -1.6838e-004 -1.6491e-004
1.2040e-002 1.7234e-004 1.7234e-004 1.7234e-004 1.6912e-004
1.2240e-002 -1.6434e-004 -1.6434e-004 -1.6435e-004 -1.6137e-004
1.2440e-002 1.6836e-004 1.6836e-004 1.6837e-004 1.6563e-004
1.2640e-002 -1.6041e-004 -1.6041e-004 -1.6041e-004 -1.5792e-004
1.2840e-002 1.6449e-004 1.6449e-004 1.6449e-004 1.6225e-004
1.3040e-002 -1.5657e-004 -1.5658e-004 -1.5658e-004 -1.5462e-004
1.3240e-002 1.6071e-004 1.6071e-004 1.6071e-004 1.5905e-004
1.3440e-002 -1.5284e-004 -1.5284e-004 -1.5284e-004 -1.5149e-004
1.3640e-002 1.5703e-004 1.5703e-004 1.5703e-004 1.5610e-004
1.3653e-002 -1.2588e-004 -1.2588e-004 -1.2588e-004 -1.2971e-004
1.3695e-002 1.2496e-004 1.2496e-004 1.2496e-004 1.2931e-004
1.3715e-002 -1.0620e-004 -1.0620e-004 -1.0620e-004 -1.1093e-004
1.3798e-002 1.0925e-004 1.0925e-004 1.0925e-004 1.1389e-004
1.3839e-002 -9.7510e-005 -9.7514e-005 -9.7514e-005 -1.0193e-004
1.4039e-002 1.0240e-004 1.0240e-004 1.0240e-004 1.0674e-004
1.4139e-002 -9.4121e-005 -9.4125e-005 -9.4125e-005 -9.8265e-005
1.4339e-002 9.9049e-005 9.9053e-005 9.9053e-005 1.0309e-004
1.4539e-002 -9.1922e-005 -9.1926e-005 -9.1925e-005 -9.5850e-005
1.4739e-002 9.6880e-005 9.6884e-005 9.6883e-005 1.0070e-004
1.4939e-002 -8.9770e-005 -8.9774e-005 -8.9773e-005 -9.3490e-005
1.5139e-002 9.4757e-005 9.4762e-005 9.4761e-005 9.8379e-005
1.5339e-002 -8.7665e-005 -8.7669e-005 -8.7668e-005 -9.1191e-005
1.5539e-002 9.2681e-005 9.2685e-005 9.2685e-005 9.6116e-005
1.5739e-002 -8.5605e-005 -8.5610e-005 -8.5609e-005 -8.8952e-005
1.5939e-002 9.0650e-005 9.0654e-005 9.0653e-005 9.3911e-005
1.6139e-002 -8.3591e-005 -8.3595e-005 -8.3595e-005 -8.6770e-005
1.6339e-002 8.8663e-005 8.8667e-005 8.8667e-005 9.1761e-005
1.6539e-002 -8.1621e-005 -8.1625e-005 -8.1624e-005 -8.4642e-005
1.6739e-002 8.6720e-005 8.6724e-005 8.6723e-005 8.9665e-005
1.6939e-002 -7.9694e-005 -7.9699e-005 -7.9698e-005 -8.2567e-005
1.7139e-002 8.4819e-005 8.4823e-005 8.4822e-005 8.7621e-005
1.7339e-002 -7.7809e-005 -7.7814e-005 -7.7813e-005 -8.0543e-005
1.7539e-002 8.2960e-005 8.2965e-005 8.2964e-005 8.5627e-005
1.7739e-002 -7.5966e-005 -7.5971e-005 -7.5970e-005 -7.8569e-005
1.7939e-002 8.1142e-005 8.1147e-005 8.1145e-005 8.3681e-005
1.8139e-002 -7.4164e-005 -7.4169e-005 -7.4168e-005 -7.6642e-005
1.8339e-002 7.9364e-005 7.9369e-005 7.9368e-005 8.1782e-005
1.8539e-002 -7.2402e-005 -7.2407e-005 -7.2406e-005 -7.4762e-005
1.8739e-002 7.7625e-005 7.7630e-005 7.7629e-005 7.9928e-005
1.8939e-002 -7.0679e-005 -7.0684e-005 -7.0682e-005 -7.2926e-005
1.9139e-002 7.5925e-005 7.5930e-005 7.5929e-005 7.8119e-005
1.9339e-002 -6.8994e-005 -6.8999e-005 -6.8997e-005 -7.1135e-005
1.9539e-002 7.4262e-005 7.4268e-005 7.4266e-005 7.6352e-005
1.9739e-002 -6.7346e-005 -6.7351e-005 -6.7350e-005 -6.9386e-005
1.9939e-002 7.2637e-005 7.2642e-005 7.2641e-005 7.4627e-005
2.0000e-002 -6.3933e-005 -6.3938e-005 -6.3937e-005 -6.5769e-005
2.0000e-002 -6.4053e-005 -6.4050e-005 -6.4053e-005 -6.5884e-005
2.0000e-002 -6.4185e-005 -6.4174e-005 -6.4185e-005 -6.6022e-005
2.0000e-002 -6.4725e-005 -6.4697e-005 -6.4723e-005 -6.6574e-005
2.0000e-002 2.2887e-003 2.2785e-003 2.2859e-003 2.2940e-003
2.0000e-002 2.6439e-003 2.6304e-003 2.6401e-003 2.6522e-003
2.0000e-002 2.9117e-003 2.8824e-003 2.9027e-003 2.9359e-003
2.0000e-002 2.9229e-003 2.8918e-003 2.9134e-003 2.9491e-003
2.0000e-002 3.1292e-003 3.0819e-003 3.1145e-003 3.1714e-003
2.0000e-002 2.6270e-002 2.4760e-002 2.5849e-002 2.7338e-002
2.0000e-002 1.4579e-001 1.3889e-001 1.4391e-001 1.5028e-001
2.0000e-002 3.4494e-001 3.3376e-001 3.4193e-001 3.5201e-001
2.0000e-002 5.6286e-001 5.5085e-001 5.5965e-001 5.7033e-001
2.0000e-002 7.7998e-001 7.6825e-001 7.7685e-001 7.8723e-001
2.0000e-002 9.7668e-001 9.6562e-001 9.7372e-001 9.8349e-001
2.0000e-002 1.1402e+000 1.1302e+000 1.1375e+000 1.1463e+000
2.0000e-002 1.2724e+000 1.2635e+000 1.2700e+000 1.2778e+000
2.0000e-002 1.3821e+000 1.3744e+000 1.3800e+000 1.3868e+000
2.0000e-002 1.4734e+000 1.4669e+000 1.4717e+000 1.4774e+000
2.0000e-002 1.5549e+000 1.5495e+000 1.5534e+000 1.5581e+000
2.0000e-002 1.6482e+000 1.6439e+000 1.6470e+000 1.6509e+000
2.0000e-002 1.7478e+000 1.7445e+000 1.7468e+000 1.7496e+000
2.0000e-002 1.8179e+000 1.8157e+000 1.8173e+000 1.8191e+000
2.0000e-002 1.8365e+000 1.8356e+000 1.8362e+000 1.8369e+000
2.0000e-002 1.8332e+000 1.8326e+000 1.8330e+000 1.8335e+000
2.0000e-002 1.8325e+000 1.8327e+000 1.8325e+000 1.8323e+000
2.0003e-002 1.8331e+000 1.8329e+000 1.8330e+000 1.8331e+000
2.0026e-002 1.8325e+000 1.8327e+000 1.8325e+000 1.8323e+000
2.0109e-002 1.8331e+000 1.8329e+000 1.8330e+000 1.8331e+000
2.0309e-002 1.8325e+000 1.8327e+000 1.8325e+000 1.8323e+000
2.0509e-002 1.8331e+000 1.8329e+000 1.8330e+000 1.8331e+000
2.0709e-002 1.8325e+000 1.8327e+000 1.8325e+000 1.8323e+000
2.0909e-002 1.8331e+000 1.8329e+000 1.8330e+000 1.8331e+000
2.1000e-002 1.8325e+000 1.8327e+000 1.8325e+000 1.8323e+000
2.1000e-002 1.8325e+000 1.8327e+000 1.8326e+000 1.8324e+000
2.1000e-002 1.8328e+000 1.8330e+000 1.8328e+000 1.8326e+000
2.1000e-002 1.8328e+000 1.8330e+000 1.8329e+000 1.8327e+000
2.1000e-002 1.8329e+000 1.8330e+000 1.8329e+000 1.8327e+000
2.1000e-002 1.8329e+000 1.8330e+000 1.8329e+000 1.8327e+000
2.1000e-002 1.8324e+000 1.8326e+000 1.8324e+000 1.8320e+000
2.1001e-002 1.8272e+000 1.8293e+000 1.8259e+000 1.8203e+000
2.1003e-002 1.7930e+000 1.8121e+000 1.7805e+000 1.7265e+000
2.1007e-002 1.6943e+000 1.7628e+000 1.6528e+000 1.4922e+000
2.1013e-002 1.5364e+000 1.6741e+000 1.4574e+000 1.1637e+000
2.1018e-002 1.3670e+000 1.5741e+000 1.2503e+000 8.2277e-001
2.1024e-002 1.1871e+000 1.4646e+000 1.0319e+000 4.7766e-001
2.1030e-002 1.0193e+000 1.3617e+000 8.2949e-001 1.7343e-001
2.1036e-002 8.6555e-001 1.2666e+000 6.4731e-001 3.4710e-004
2.1040e-002 7.3129e-001 1.1830e+000 4.8617e-001 -3.1491e-002
2.1045e-002 5.9487e-001 1.0948e+000 3.2880e-001 -2.7718e-002
2.1050e-002 4.6752e-001 1.0152e+000 1.8738e-001 -2.6087e-002
2.1052e-002 4.0174e-001 9.6940e-001 1.1898e-001 -2.7416e-002
2.1053e-002 3.7253e-001 9.5265e-001 9.1671e-002 -2.4822e-002
2.1056e-002 2.9232e-001 8.9634e-001 2.7716e-002 -2.4853e-002
2.1061e-002 1.7777e-001 8.1673e-001 -1.2351e-002 -1.8038e-002
2.1067e-002 5.1824e-002 7.1006e-001 -1.6267e-002 -1.5271e-002
2.1074e-002 -4.2155e-003 5.9504e-001 -8.7013e-003 -8.8638e-003
2.1081e-002 -8.6794e-003 4.7192e-001 -7.7061e-003 -7.6044e-003
2.1083e-002 -7.8240e-003 4.4225e-001 -7.4052e-003 -7.3547e-003
2.1087e-002 -7.2496e-003 3.7512e-001 -7.1896e-003 -7.1891e-003
2.1089e-002 -7.2360e-003 3.4150e-001 -7.1831e-003 -7.1827e-003
2.1093e-002 -6.6737e-003 2.7230e-001 -6.6285e-003 -6.6286e-003
2.1100e-002 -6.3889e-003 1.7361e-001 -6.3635e-003 -6.3635e-003
2.1103e-002 -5.3765e-003 1.3033e-001 -5.3685e-003 -5.3685e-003
2.1104e-002 -5.7607e-003 1.0755e-001 -5.7585e-003 -5.7585e-003
2.1109e-002 -3.9888e-003 5.2806e-002 -3.9888e-003 -3.9888e-003
2.1118e-002 -1.3451e-003 2.3693e-003 -1.3452e-003 -1.3452e-003
2.1129e-002 8.1554e-004 7.6437e-005 8.1564e-004 8.1564e-004
2.1142e-002 -6.1669e-004 -2.9630e-004 -6.1678e-004 -6.1678e-004
2.1157e-002 5.0018e-004 2.8950e-004 5.0026e-004 5.0026e-004
2.1171e-002 -4.0614e-004 -3.0025e-004 -4.0620e-004 -4.0620e-004
2.1179e-002 2.8897e-004 2.6380e-004 2.8902e-004 2.8902e-004
2.1215e-002 -2.6386e-004 -2.4470e-004 -2.6391e-004 -2.6391e-004
2.1233e-002 2.3581e-004 2.2517e-004 2.3585e-004 2.3585e-004
2.1239e-002 -1.5612e-004 -1.5558e-004 -1.5615e-004 -1.5615e-004
2.1283e-002 1.5391e-004 1.5351e-004 1.5393e-004 1.5393e-004
2.1483e-002 -1.4612e-004 -1.4572e-004 -1.4614e-004 -1.4615e-004
2.1683e-002 1.5039e-004 1.4999e-004 1.5042e-004 1.5042e-004
2.1883e-002 -1.4264e-004 -1.4224e-004 -1.4267e-004 -1.4267e-004
2.2083e-002 1.4697e-004 1.4656e-004 1.4699e-004 1.4699e-004
2.2283e-002 -1.3925e-004 -1.3884e-004 -1.3927e-004 -1.3927e-004
2.2483e-002 1.4362e-004 1.4321e-004 1.4364e-004 1.4364e-004
2.2683e-002 -1.3593e-004 -1.3553e-004 -1.3595e-004 -1.3595e-004
2.2883e-002 1.4034e-004 1.3994e-004 1.4036e-004 1.4036e-004
2.3083e-002 -1.3269e-004 -1.3229e-004 -1.3271e-004 -1.3271e-004
2.3283e-002 1.3715e-004 1.3675e-004 1.3717e-004 1.3717e-004
2.3483e-002 -1.2952e-004 -1.2913e-004 -1.2954e-004 -1.2955e-004
2.3683e-002 1.3402e-004 1.3363e-004 1.3404e-004 1.3404e-004
2.3883e-002 -1.2643e-004 -1.2604e-004 -1.2645e-004 -1.2645e-004
2.4083e-002 1.3097e-004 1.3058e-004 1.3099e-004 1.3099e-004
2.4283e-002 -1.2341e-004 -1.2302e-004 -1.2343e-004 -1.2343e-004
2.4483e-002 1.2799e-004 1.2761e-004 1.2801e-004 1.2801e-004
2.4683e-002 -1.2046e-004 -1.2008e-004 -1.2048e-004 -1.2048e-004
2.4883e-002 1.2508e-004 1.2470e-004 1.2510e-004 1.2510e-004
2.5083e-002 -1.1758e-004 -1.1720e-004 -1.1760e-004 -1.1760e-004
2.5283e-002 1.2224e-004 1.2187e-004 1.2226e-004 1.2226e-004
2.5483e-002 -1.1476e-004 -1.1440e-004 -1.1478e-004 -1.1478e-004
2.5683e-002 1.1946e-004 1.1910e-004 1.1948e-004 1.1948e-004
2.5883e-002 -1.1202e-004 -1.1165e-004 -1.1203e-004 -1.1203e-004
2.6083e-002 1.1675e-004 1.1639e-004 1.1677e-004 1.1677e-004
2.6283e-002 -1.0933e-004 -1.0898e-004 -1.0935e-004 -1.0935e-004
2.6483e-002 1.1410e-004 1.1375e-004 1.1411e-004 1.1412e-004
2.6683e-002 -1.0671e-004 -1.0636e-004 -1.0672e-004 -1.0672e-004
2.6883e-002 1.1151e-004 1.1117e-004 1.1153e-004 1.1153e-004
2.7083e-002 -1.0414e-004 -1.0381e-004 -1.0416e-004 -1.0416e-004
2.7283e-002 1.0898e-004 1.0865e-004 1.0900e-004 1.0900e-004
2.7483e-002 -1.0164e-004 -1.0132e-004 -1.0166e-004 -1.0166e-004
2.7683e-002 1.0651e-004 1.0619e-004 1.0653e-004 1.0653e-004
2.7883e-002 -9.9198e-005 -9.8880e-005 -9.9212e-005 -9.9214e-005
2.8083e-002 1.0410e-004 1.0379e-004 1.0411e-004 1.0412e-004
2.8283e-002 -9.6810e-005 -9.6501e-005 -9.6824e-005 -9.6826e-005
2.8483e-002 1.0174e-004 1.0144e-004 1.0176e-004 1.0176e-004
2.8683e-002 -9.4478e-005 -9.4178e-005 -9.4492e-005 -9.4494e-005
2.8883e-002 9.9442e-005 9.9147e-005 9.9456e-005 9.9458e-005
2.9083e-002 -9.2200e-005 -9.1910e-005 -9.2214e-005 -9.2215e-005
2.9283e-002 9.7194e-005 9.6908e-005 9.7207e-005 9.7209e-005
2.9483e-002 -8.9975e-005 -8.9694e-005 -8.9988e-005 -8.9990e-005
2.9683e-002 9.4998e-005 9.4721e-005 9.5011e-005 9.5013e-005
2.9883e-002 -8.7802e-005 -8.7530e-005 -8.7815e-005 -8.7817e-005
3.0000e-002 9.2097e-005 9.1832e-005 9.2109e-005 9.2111e-005
3.0000e-002 9.1729e-005 9.1464e-005 9.1743e-005 9.1742e-005
3.0000e-002 7.1753e-004 7.1864e-004 7.1700e-004 7.1559e-004
3.0000e-002 1.4981e-003 1.5012e-003 1.4968e-003 1.4932e-003
3.0000e-002 1.8823e-003 1.8860e-003 1.8807e-003 1.8764e-003
3.0000e-002 2.1203e-003 2.1245e-003 2.1186e-003 2.1139e-003
3.0000e-002 2.2684e-003 2.2729e-003 2.2665e-003 2.2615e-003
3.0000e-002 3.0639e-003 3.0904e-003 3.0553e-003 3.0356e-003
3.0000e-002 3.2885e-002 3.4275e-002 3.2393e-002 3.1107e-002
3.0000e-002 6.0043e-002 6.2324e-002 5.9235e-002 5.7095e-002
3.0000e-002 1.5773e-001 1.6216e-001 1.5614e-001 1.5173e-001
3.0000e-002 3.1637e-001 3.2261e-001 3.1412e-001 3.0769e-001
3.0000e-002 5.0849e-001 5.1521e-001 5.0607e-001 4.9905e-001
3.0000e-002 7.2260e-001 7.2924e-001 7.2024e-001 7.1328e-001
3.0000e-002 9.2337e-001 9.2972e-001 9.2116e-001 9.1452e-001
3.0000e-002 1.0959e+000 1.1017e+000 1.0939e+000 1.0878e+000
3.0000e-002 1.2362e+000 1.2414e+000 1.2345e+000 1.2290e+000
3.0000e-002 1.3506e+000 1.3552e+000 1.3491e+000 1.3443e+000
3.0000e-002 1.4469e+000 1.4509e+000 1.4457e+000 1.4417e+000
3.0000e-002 1.5297e+000 1.5331e+000 1.5288e+000 1.5254e+000
3.0000e-002 1.6183e+000 1.6212e+000 1.6177e+000 1.6148e+000
3.0000e-002 1.7190e+000 1.7213e+000 1.7187e+000 1.7164e+000
3.0000e-002 1.8017e+000 1.8034e+000 1.8015e+000 1.7999e+000
3.0000e-002 1.8360e+000 1.8369e+000 1.8360e+000 1.8351e+000
3.0000e-002 1.8334e+000 1.8341e+000 1.8334e+000 1.8328e+000
3.0000e-002 1.8322e+000 1.8322e+000 1.8323e+000 1.8324e+000
3.0003e-002 1.8332e+000 1.8334e+000 1.8333e+000 1.8331e+000
3.0015e-002 1.8322e+000 1.8322e+000 1.8324e+000 1.8324e+000
3.0058e-002 1.8332e+000 1.8334e+000 1.8333e+000 1.8331e+000
3.0204e-002 1.8322e+000 1.8322e+000 1.8324e+000 1.8324e+000
3.0404e-002 1.8332e+000 1.8334e+000 1.8333e+000 1.8331e+000
3.0604e-002 1.8322e+000 1.8322e+000 1.8324e+000 1.8324e+000
3.0804e-002 1.8332e+000 1.8334e+000 1.8333e+000 1.8331e+000
3.1000e-002 1.8322e+000 1.8322e+000 1.8324e+000 1.8324e+000
3.1000e-002 1.8323e+000 1.8323e+000 1.8324e+000 1.8325e+000
3.1000e-002 1.8326e+000 1.8326e+000 1.8327e+000 1.8328e+000
3.1000e-002 1.8326e+000 1.8326e+000 1.8328e+000 1.8328e+000
3.1000e-002 1.8327e+000 1.8327e+000 1.8329e+000 1.8329e+000
3.1000e-002 1.8327e+000 1.8327e+000 1.8329e+000 1.8329e+000
3.1000e-002 1.8319e+000 1.8324e+000 1.8326e+000 1.8324e+000
3.1001e-002 1.8187e+000 1.8278e+000 1.8301e+000 1.8266e+000
3.1003e-002 1.7181e+000 1.8004e+000 1.8189e+000 1.7904e+000
3.1006e-002 1.4772e+000 1.7234e+000 1.7900e+000 1.6893e+000
3.1011e-002 1.1461e+000 1.5968e+000 1.7356e+000 1.5311e+000
3.1016e-002 8.0550e-001 1.4605e+000 1.6722e+000 1.3633e+000
3.1022e-002 4.6197e-001 1.3142e+000 1.5996e+000 1.1850e+000
3.1027e-002 1.6303e-001 1.1782e+000 1.5318e+000 1.0199e+000
3.1031e-002 2.3597e-003 1.0528e+000 1.4675e+000 8.6814e-001
3.1035e-002 -2.6556e-002 9.4313e-001 1.4112e+000 7.3515e-001
3.1040e-002 -2.4402e-002 8.2794e-001 1.3509e+000 6.0019e-001
3.1044e-002 -2.2352e-002 7.2275e-001 1.2964e+000 4.7378e-001
3.1046e-002 -2.3817e-002 6.6615e-001 1.2649e+000 4.0873e-001
3.1047e-002 -2.2088e-002 6.4153e-001 1.2533e+000 3.7936e-001
3.1050e-002 -2.3106e-002 5.6487e-001 1.2106e+000 2.9201e-001
3.1054e-002 -2.0906e-002 4.4362e-001 1.1466e+000 1.5978e-001
3.1061e-002 -1.9820e-002 2.8918e-001 1.0573e+000 2.6137e-002
3.1068e-002 -1.3136e-002 1.3029e-001 9.6321e-001 -1.6903e-002
3.1075e-002 -1.0609e-002 1.5997e-002 8.5482e-001 -9.4973e-003
3.1083e-002 -5.9566e-003 -1.0565e-002 7.5027e-001 -6.3864e-003
3.1091e-002 -6.2726e-003 -4.8092e-003 6.3848e-001 -6.1559e-003
3.1095e-002 -6.0804e-003 -6.1187e-003 5.8544e-001 -6.0782e-003
3.1097e-002 -6.2519e-003 -6.2936e-003 5.5750e-001 -6.2515e-003
3.1102e-002 -5.7557e-003 -5.7958e-003 4.9848e-001 -5.7557e-003
3.1109e-002 -5.7495e-003 -5.7631e-003 4.0990e-001 -5.7495e-003
3.1112e-002 -5.5477e-003 -5.5498e-003 3.6609e-001 -5.5477e-003
3.1120e-002 -5.1045e-003 -5.1030e-003 2.6603e-001 -5.1045e-003
3.1132e-002 -4.5885e-003 -4.5897e-003 1.2180e-001 -4.5885e-003
3.1148e-002 -1.2508e-003 -1.2499e-003 1.7251e-002 -1.2508e-003
3.1165e-002 -4.5086e-005 -4.5922e-005 -8.2202e-003 -4.5099e-005
3.1183e-002 5.7801e-004 5.7873e-004 5.5934e-003 5.7803e-004
3.1202e-002 -8.2634e-004 -8.2695e-004 -4.0113e-003 -8.2635e-004
3.1208e-002 9.6694e-004 9.6731e-004 1.4719e-003 9.6695e-004
3.1223e-002 -8.6158e-004 -8.6189e-004 -1.1447e-003 -8.6159e-004
3.1231e-002 6.7023e-004 6.7044e-004 7.5001e-004 6.7024e-004
3.1286e-002 -6.3837e-004 -6.3857e-004 -7.0689e-004 -6.3838e-004
3.1313e-002 5.9485e-004 5.9503e-004 6.4601e-004 5.9486e-004
3.1320e-002 -4.2837e-004 -4.2849e-004 -4.4354e-004 -4.2838e-004
3.1356e-002 4.0766e-004 4.0777e-004 4.1979e-004 4.0766e-004
3.1374e-002 -3.5300e-004 -3.5309e-004 -3.6059e-004 -3.5301e-004
3.1553e-002 3.5439e-004 3.5448e-004 3.6163e-004 3.5440e-004
3.1753e-002 -3.4442e-004 -3.4451e-004 -3.5136e-004 -3.4443e-004
3.1953e-002 3.4638e-004 3.4647e-004 3.5303e-004 3.4639e-004
3.2153e-002 -3.3649e-004 -3.3658e-004 -3.4287e-004 -3.3649e-004
3.2353e-002 3.3855e-004 3.3863e-004 3.4466e-004 3.3855e-004
3.2553e-002 -3.2873e-004 -3.2882e-004 -3.3459e-004 -3.2874e-004
3.2753e-002 3.3089e-004 3.3097e-004 3.3650e-004 3.3089e-004
3.2953e-002 -3.2115e-004 -3.2123e-004 -3.2653e-004 -3.2115e-004
3.3153e-002 3.2339e-004 3.2347e-004 3.2855e-004 3.2340e-004
3.3353e-002 -3.1373e-004 -3.1381e-004 -3.1868e-004 -3.1374e-004
3.3553e-002 3.1607e-004 3.1614e-004 3.2080e-004 3.1607e-004
3.3753e-002 -3.0648e-004 -3.0655e-004 -3.1102e-004 -3.0648e-004
3.3953e-002 3.0890e-004 3.0897e-004 3.1325e-004 3.0890e-004
3.4153e-002 -2.9939e-004 -2.9946e-004 -3.0356e-004 -2.9939e-004
3.4353e-002 3.0189e-004 3.0197e-004 3.0589e-004 3.0190e-004
3.4553e-002 -2.9245e-004 -2.9252e-004 -2.9629e-004 -2.9246e-004
3.4753e-002 2.9505e-004 2.9512e-004 2.9872e-004 2.9505e-004
3.4953e-002 -2.8567e-004 -2.8574e-004 -2.8920e-004 -2.8568e-004
3.5153e-002 2.8835e-004 2.8842e-004 2.9173e-004 2.8835e-004
3.5353e-002 -2.7905e-004 -2.7911e-004 -2.8228e-004 -2.7905e-004
3.5553e-002 2.8180e-004 2.8187e-004 2.8491e-004 2.8181e-004
3.5753e-002 -2.7257e-004 -2.7263e-004 -2.7554e-004 -2.7257e-004
3.5953e-002 2.7540e-004 2.7547e-004 2.7825e-004 2.7541e-004
3.6153e-002 -2.6624e-004 -2.6630e-004 -2.6897e-004 -2.6624e-004
3.6353e-002 2.6915e-004 2.6921e-004 2.7177e-004 2.6915e-004
3.6553e-002 -2.6005e-004 -2.6011e-004 -2.6256e-004 -2.6005e-004
3.6753e-002 2.6303e-004 2.6309e-004 2.6544e-004 2.6303e-004
3.6953e-002 -2.5399e-004 -2.5405e-004 -2.5630e-004 -2.5400e-004
3.7153e-002 2.5705e-004 2.5711e-004 2.5927e-004 2.5706e-004
3.7353e-002 -2.4808e-004 -2.4814e-004 -2.5020e-004 -2.4808e-004
3.7553e-002 2.5121e-004 2.5127e-004 2.5325e-004 2.5121e-004
3.7753e-002 -2.4230e-004 -2.4235e-004 -2.4425e-004 -2.4230e-004
3.7953e-002 2.4550e-004 2.4556e-004 2.4737e-004 2.4550e-004
3.8153e-002 -2.3665e-004 -2.3670e-004 -2.3844e-004 -2.3665e-004
3.8353e-002 2.3992e-004 2.3997e-004 2.4164e-004 2.3992e-004
3.8553e-002 -2.3113e-004 -2.3118e-004 -2.3278e-004 -2.3113e-004
3.8753e-002 2.3447e-004 2.3452e-004 2.3605e-004 2.3447e-004
3.8953e-002 -2.2573e-004 -2.2578e-004 -2.2725e-004 -2.2573e-004
3.9153e-002 2.2913e-004 2.2918e-004 2.3059e-004 2.2914e-004
3.9353e-002 -2.2046e-004 -2.2051e-004 -2.2185e-004 -2.2046e-004
3.9553e-002 2.2392e-004 2.2397e-004 2.2526e-004 2.2393e-004
3.9753e-002 -2.1530e-004 -2.1535e-004 -2.1658e-004 -2.1531e-004
3.9953e-002 2.1883e-004 2.1888e-004 2.2006e-004 2.1884e-004
4.0000e-002 -2.0230e-004 -2.0234e-004 -2.0332e-004 -2.0230e-004
4.0000e-002 -2.0228e-004 -2.0234e-004 -2.0332e-004 -2.0229e-004
4.0000e-002 -2.0248e-004 -2.0254e-004 -2.0352e-004 -2.0250e-004
4.0000e-002 1.1961e-003 1.2026e-003 1.2064e-003 1.2012e-003
4.0000e-002 1.9248e-003 1.9336e-003 1.9391e-003 1.9317e-003
4.0000e-002 2.4516e-003 2.4655e-003 2.4769e-003 2.4623e-003
4.0000e-002 2.5212e-003 2.5393e-003 2.5563e-003 2.5350e-003
4.0000e-002 6.4186e-003 6.8877e-003 7.3790e-003 6.7686e-003
4.0000e-002 1.1649e-001 1.2252e-001 1.2763e-001 1.2113e-001
4.0000e-002 3.4561e-001 3.5665e-001 3.6556e-001 3.5417e-001
4.0000e-002 5.9089e-001 6.0281e-001 6.1212e-001 6.0017e-001
4.0000e-002 8.1337e-001 8.2503e-001 8.3397e-001 8.2247e-001
4.0000e-002 1.0073e+000 1.0183e+000 1.0266e+000 1.0159e+000
4.0000e-002 1.1654e+000 1.1753e+000 1.1828e+000 1.1731e+000
4.0000e-002 1.2921e+000 1.3010e+000 1.3076e+000 1.2991e+000
4.0000e-002 1.3991e+000 1.4068e+000 1.4125e+000 1.4051e+000
4.0000e-002 1.4878e+000 1.4943e+000 1.4991e+000 1.4929e+000
4.0000e-002 1.5716e+000 1.5770e+000 1.5810e+000 1.5758e+000
4.0000e-002 1.6691e+000 1.6736e+000 1.6768e+000 1.6726e+000
4.0000e-002 1.7667e+000 1.7700e+000 1.7724e+000 1.7693e+000
4.0000e-002 1.8248e+000 1.8270e+000 1.8285e+000 1.8265e+000
4.0000e-002 1.8289e+000 1.8307e+000 1.8319e+000 1.8303e+000
4.0000e-002 1.8340e+000 1.8341e+000 1.8342e+000 1.8341e+000
4.0001e-002 1.8314e+000 1.8315e+000 1.8316e+000 1.8315e+000
4.0007e-002 1.8339e+000 1.8340e+000 1.8341e+000 1.8340e+000
4.0042e-002 1.8314e+000 1.8315e+000 1.8316e+000 1.8315e+000
4.0170e-002 1.8339e+000 1.8340e+000 1.8341e+000 1.8340e+000
4.0370e-002 1.8314e+000 1.8315e+000 1.8316e+000 1.8315e+000
4.0570e-002 1.8339e+000 1.8340e+000 1.8340e+000 1.8340e+000
4.0770e-002 1.8314e+000 1.8315e+000 1.8316e+000 1.8315e+000
4.0970e-002 1.8339e+000 1.8340e+000 1.8340e+000 1.8340e+000
4.1000e-002 1.8314e+000 1.8315e+000 1.8316e+000 1.8315e+000
4.1000e-002 1.8316e+000 1.8317e+000 1.8317e+000 1.8317e+000
4.1000e-002 1.8319e+000 1.8320e+000 1.8321e+000 1.8320e+000
4.1000e-002 1.8320e+000 1.8321e+000 1.8322e+000 1.8321e+000
4.1000e-002 1.8322e+000 1.8324e+000 1.8324e+000 1.8323e+000
4.1000e-002 1.8322e+000 1.8324e+000 1.8324e+000 1.8324e+000
4.1000e-002 1.8315e+000 1.8321e+000 1.8322e+000 1.8320e+000
4.1001e-002 1.8179e+000 1.8272e+000 1.8296e+000 1.8260e+000
4.1003e-002 1.7165e+000 1.7995e+000 1.8182e+000 1.7893e+000
4.1006e-002 1.4755e+000 1.7220e+000 1.7889e+000 1.6878e+000
4.1011e-002 1.1446e+000 1.5954e+000 1.7344e+000 1.5296e+000
4.1016e-002 8.0431e-001 1.4591e+000 1.6709e+000 1.3619e+000
4.1022e-002 4.6099e-001 1.3129e+000 1.5983e+000 1.1837e+000
4.1027e-002 1.6227e-001 1.1769e+000 1.5304e+000 1.0187e+000
4.1031e-002 2.1695e-003 1.0516e+000 1.4662e+000 8.6704e-001
4.1035e-002 -2.6757e-002 9.4193e-001 1.4099e+000 7.3404e-001
4.1040e-002 -2.4699e-002 8.2680e-001 1.3496e+000 5.9912e-001
4.1044e-002 -2.2878e-002 7.2153e-001 1.2951e+000 4.7266e-001
4.1046e-002 -2.4377e-002 6.6501e-001 1.2637e+000 4.0767e-001
4.1047e-002 -2.2719e-002 6.4033e-001 1.2521e+000 3.7825e-001
4.1050e-002 -2.3768e-002 5.6373e-001 1.2094e+000 2.9096e-001
4.1054e-002 -2.1619e-002 4.4243e-001 1.1454e+000 1.5871e-001
4.1061e-002 -2.0281e-002 2.8815e-001 1.0561e+000 2.5497e-002
4.1068e-002 -1.3294e-002 1.2927e-001 9.6193e-001 -1.7188e-002
4.1075e-002 -1.0505e-002 1.5893e-002 8.5359e-001 -9.3491e-003
4.1083e-002 -5.9748e-003 -1.0683e-002 7.4895e-001 -6.4205e-003
4.1091e-002 -6.1886e-003 -4.6856e-003 6.3726e-001 -6.0658e-003
4.1095e-002 -6.0844e-003 -6.1251e-003 5.8412e-001 -6.0822e-003
4.1097e-002 -6.1925e-003 -6.2349e-003 5.5629e-001 -6.1922e-003
4.1102e-002 -5.7442e-003 -5.7842e-003 4.9718e-001 -5.7442e-003
4.1109e-002 -5.6906e-003 -5.7040e-003 4.0872e-001 -5.6907e-003
4.1112e-002 -5.5374e-003 -5.5393e-003 3.6480e-001 -5.5374e-003
4.1120e-002 -5.0473e-003 -5.0460e-003 2.6491e-001 -5.0473e-003
4.1132e-002 -4.5877e-003 -4.5888e-003 1.2063e-001 -4.5877e-003
4.1148e-002 -1.1690e-003 -1.1681e-003 1.7336e-002 -1.1690e-003
4.1165e-002 -1.1799e-004 -1.1877e-004 -8.4527e-003 -1.1800e-004
4.1183e-002 6.5053e-004 6.5119e-004 5.7745e-003 6.5053e-004
4.1202e-002 -8.9622e-004 -8.9679e-004 -4.1554e-003 -8.9623e-004
4.1208e-002 1.0221e-003 1.0225e-003 1.5320e-003 1.0221e-003
4.1223e-002 -9.0943e-004 -9.0972e-004 -1.1959e-003 -9.0944e-004
4.1231e-002 7.0606e-004 7.0625e-004 7.8723e-004 7.0606e-004
4.1288e-002 -6.7385e-004 -6.7404e-004 -7.4389e-004 -6.7385e-004
4.1316e-002 6.2955e-004 6.2971e-004 6.8199e-004 6.2955e-004
4.1325e-002 -4.8870e-004 -4.8881e-004 -5.0931e-004 -4.8870e-004
4.1382e-002 4.7538e-004 4.7549e-004 4.9310e-004 4.7538e-004
4.1582e-002 -4.6411e-004 -4.6422e-004 -4.8103e-004 -4.6411e-004
4.1782e-002 4.6475e-004 4.6486e-004 4.8090e-004 4.6475e-004
4.1982e-002 -4.5358e-004 -4.5369e-004 -4.6899e-004 -4.5358e-004
4.2182e-002 4.5434e-004 4.5444e-004 4.6904e-004 4.5434e-004
4.2382e-002 -4.4327e-004 -4.4338e-004 -4.5730e-004 -4.4327e-004
4.2582e-002 4.4415e-004 4.4425e-004 4.5753e-004 4.4415e-004
4.2782e-002 -4.3318e-004 -4.3328e-004 -4.4594e-004 -4.3318e-004
4.2982e-002 4.3417e-004 4.3427e-004 4.4634e-004 4.3417e-004
4.3182e-002 -4.2330e-004 -4.2340e-004 -4.3490e-004 -4.2330e-004
4.3382e-002 4.2440e-004 4.2450e-004 4.3546e-004 4.2440e-004
4.3582e-002 -4.1363e-004 -4.1373e-004 -4.2418e-004 -4.1363e-004
4.3782e-002 4.1484e-004 4.1494e-004 4.2489e-004 4.1484e-004
4.3982e-002 -4.0417e-004 -4.0426e-004 -4.1375e-004 -4.0417e-004
4.4182e-002 4.0549e-004 4.0558e-004 4.1461e-004 4.0549e-004
4.4382e-002 -3.9491e-004 -3.9500e-004 -4.0360e-004 -3.9491e-004
4.4582e-002 3.9634e-004 3.9643e-004 4.0462e-004 3.9634e-004
4.4782e-002 -3.8585e-004 -3.8594e-004 -3.9374e-004 -3.8585e-004
4.4982e-002 3.8739e-004 3.8747e-004 3.9489e-004 3.8739e-004
4.5000e-002 -3.3428e-004 -3.3435e-004 -3.3849e-004 -3.3428e-004
